32 496
0 0 1 499 1 8:64
1 50.49 1 478 1 0:64
2 83.39 1 501 1 9:64
3 88.19 1 461 1 7:64
4 216.12 1 285 1 2:64
5 308.88 1 45 1 11:64
6 439.77 1 178 1 6:64
7 574.01 1 57 1 14:64
8 577.24 1 346 1 15:64
9 866.1 1 294 1 5:64
10 1022.88 1 151 1 7:64
11 1090.66 1 381 1 1:64
12 1127.47 1 82 1 9:64
13 1144.25 1 211 1 12:64
14 1510.16 1 26 1 11:64
15 1577.1 1 109 1 3:64
16 1615.17 1 208 1 2:64
17 1637.47 1 333 1 14:64
18 1813.64 1 36 1 6:64
19 1838.15 1 89 1 9:64
20 1902.27 1 404 1 6:64
21 1936.56 1 172 1 10:64
22 1942.06 1 368 1 6:64
23 2113.97 1 308 1 1:64
24 2264.45 1 177 1 11:64
25 2568.38 1 90 1 15:64
26 2570.45 1 20 1 14:64
27 2592.42 1 335 1 10:64
28 2595.04 1 60 1 6:64
29 2600.11 1 200 1 12:64
30 2729.06 1 383 1 6:64
31 2737.55 1 188 1 15:64
32 2839.62 1 256 1 13:64
33 2937.51 1 153 1 7:64
34 3181.11 1 302 1 3:64
35 3238.67 1 314 1 1:64
36 3304.42 1 129 1 6:64
37 3359.31 1 362 1 11:64
38 3543.43 1 422 1 3:64
39 3625.73 1 289 1 15:64
40 3664.84 1 119 1 11:64
41 3702.0 1 334 1 0:64
42 3996.22 1 391 1 11:64
43 4218.89 1 322 1 11:64
44 4248.85 1 88 1 8:64
45 4395.83 1 166 1 15:64
46 4439.94 1 441 1 12:64
47 4455.52 1 276 1 15:64
48 4491.48 1 17 1 15:64
49 4611.14 1 196 1 15:64
50 4637.99 1 195 1 11:64
51 4657.38 1 465 1 1:64
52 4683.7 1 182 1 7:64
53 4862.87 1 65 1 7:64
54 4879.41 1 407 1 12:64
55 4894.07 1 261 1 1:64
56 5034.59 1 378 1 10:64
57 5036.63 1 426 1 4:64
58 5044.33 1 291 1 7:64
59 5110.38 1 114 1 13:64
60 5297.28 1 268 1 14:64
61 5384.23 1 131 1 13:64
62 5452.86 1 406 1 7:64
63 5478.67 1 76 1 12:64
64 5501.4 1 242 1 5:64
65 5688.7 1 343 1 3:64
66 5798.82 1 164 1 0:64
67 5813.9 1 202 1 9:64
68 5991.61 1 73 1 3:64
69 6048.15 1 56 1 15:64
70 6106.43 1 199 1 7:64
71 6276.76 1 33 1 10:64
72 6503.3 1 52 1 9:64
73 6649.56 1 344 1 8:64
74 6666.24 1 455 1 8:64
75 6728.82 1 118 1 14:64
76 6930.74 1 237 1 0:64
77 6938.19 1 141 1 13:64
78 7077.81 1 495 1 14:64
79 7142.15 1 427 1 11:64
80 7166.27 1 348 1 6:64
81 7324.28 1 116 1 7:64
82 7363.56 1 414 1 15:64
83 7552.75 1 156 1 2:64
84 7656.98 1 462 1 4:64
85 7931.75 1 472 1 8:64
86 8005.56 1 64 1 1:64
87 8007.45 1 297 1 10:64
88 8162.06 1 510 1 8:64
89 8230.46 1 507 1 12:64
90 8335.0 1 54 1 4:64
91 8558.65 1 482 1 9:64
92 8614.85 1 55 1 15:64
93 8760.34 1 286 1 11:64
94 8880.5 1 453 1 7:64
95 8980.35 1 218 1 11:64
96 9022.34 1 498 1 7:64
97 9181.16 1 19 1 10:64
98 9249.44 1 321 1 1:64
99 9429.77 1 370 1 1:64
100 9504.48 1 209 1 1:64
101 9516.43 1 136 1 15:64
102 9655.96 1 386 1 12:64
103 9773.56 1 205 1 10:64
104 9920.48 1 504 1 14:64
105 10045.6 1 337 1 5:64
106 10170.95 1 496 1 9:64
107 10231.79 1 187 1 5:64
108 10291.66 1 303 1 6:64
109 10706.54 1 31 1 5:64
110 10722.64 1 443 1 12:64
111 10724.77 1 179 1 9:64
112 10817.93 1 336 1 8:64
113 10883.92 1 446 1 14:64
114 10887.86 1 384 1 1:64
115 10987.18 1 420 1 3:64
116 11012.53 1 371 1 11:64
117 11284.54 1 94 1 13:64
118 11332.68 1 304 1 1:64
119 11714.77 1 233 1 13:64
120 11844.27 1 259 1 3:64
121 12219.42 1 456 1 12:64
122 12260.04 1 425 1 2:64
123 12285.69 1 230 1 1:64
124 12415.63 1 402 1 9:64
125 12430.79 1 324 1 0:64
126 12529.79 1 104 1 4:64
127 12634.91 1 58 1 8:64
128 12700.74 1 184 1 3:64
129 12994.74 1 281 1 11:64
130 13016.43 1 125 1 8:64
131 13216.01 1 180 1 6:64
132 13371.02 1 135 1 8:64
133 13489.53 1 115 1 7:64
134 13606.47 1 280 1 7:64
135 13718.71 1 366 1 11:64
136 13827.4 1 92 1 13:64
137 13859.69 1 394 1 7:64
138 14015.61 1 224 1 1:64
139 14391.64 1 185 1 2:64
140 14428.84 1 101 1 12:64
141 14839.24 1 108 1 5:64
142 14969.51 1 207 1 10:64
143 15175.25 1 479 1 4:64
144 15221.73 1 466 1 4:64
145 15231.44 1 117 1 3:64
146 15455.4 1 325 1 2:64
147 15482.24 1 219 1 10:64
148 15686.51 1 111 1 6:64
149 15705.18 1 315 1 12:64
150 15717.88 1 467 1 15:64
151 15732.38 1 490 1 5:64
152 15817.29 1 497 1 7:64
153 15874.23 1 306 1 0:64
154 15938.08 1 210 1 4:64
155 16069.32 1 133 1 5:64
156 16216.6 1 252 1 10:64
157 16347.55 1 436 1 10:64
158 16468.83 1 59 1 2:64
159 16642.87 1 239 1 1:64
160 16731.23 1 41 1 0:64
161 17167.46 1 272 1 12:64
162 17200.46 1 80 1 1:64
163 17387.7 1 398 1 2:64
164 17503.73 1 412 1 9:64
165 17550.47 1 173 1 6:64
166 17598.84 1 78 1 1:64
167 17719.29 1 469 1 9:64
168 17780.8 1 16 1 12:64
169 17793.65 1 359 1 3:64
170 17845.12 1 288 1 6:64
171 17930.5 1 124 1 7:64
172 18314.75 1 287 1 5:64
173 18360.42 1 464 1 8:64
174 18407.77 1 251 1 3:64
175 18420.81 1 273 1 8:64
176 18457.68 1 356 1 4:64
177 18498.24 1 221 1 9:64
178 18527.93 1 249 1 4:64
179 18556.04 1 442 1 13:64
180 18657.04 1 263 1 12:64
181 18720.77 1 323 1 7:64
182 18825.31 1 53 1 12:64
183 19017.1 1 154 1 3:64
184 19099.92 1 176 1 6:64
185 19278.61 1 258 1 7:64
186 19592.62 1 149 1 4:64
187 19637.76 1 264 1 4:64
188 19687.83 1 37 1 12:64
189 19710.25 1 332 1 7:64
190 19884.39 1 313 1 13:64
191 19933.95 1 62 1 10:64
192 20272.48 1 437 1 6:64
193 20318.29 1 87 1 9:64
194 20495.73 1 486 1 7:64
195 20497.2 1 284 1 4:64
196 20922.54 1 309 1 11:64
197 21000.85 1 236 1 5:64
198 21169.72 1 460 1 5:64
199 21259.06 1 61 1 11:64
200 21379.17 1 122 1 9:64
201 21454.05 1 351 1 3:64
202 21469.06 1 480 1 3:64
203 21529.91 1 51 1 14:64
204 21765.16 1 389 1 11:64
205 21845.05 1 505 1 2:64
206 21982.55 1 174 1 1:64
207 22074.33 1 477 1 7:64
208 22271.61 1 416 1 5:64
209 22297.28 1 399 1 8:64
210 22452.85 1 215 1 9:64
211 22468.17 1 330 1 10:64
212 22577.63 1 77 1 0:64
213 22629.7 1 488 1 1:64
214 22722.51 1 419 1 15:64
215 22728.82 1 502 1 2:64
216 22765.03 1 103 1 3:64
217 22793.71 1 312 1 15:64
218 22857.51 1 165 1 2:64
219 22874.74 1 160 1 13:64
220 22947.25 1 157 1 8:64
221 22951.28 1 247 1 8:64
222 23018.59 1 29 1 3:64
223 23257.28 1 201 1 4:64
224 23309.03 1 511 1 15:64
225 23336.12 1 352 1 14:64
226 23359.12 1 198 1 0:64
227 23380.81 1 274 1 3:64
228 23444.63 1 508 1 2:64
229 23494.22 1 113 1 7:64
230 23526.04 1 305 1 1:64
231 23638.4 1 100 1 14:64
232 23740.93 1 327 1 1:64
233 23872.44 1 86 1 14:64
234 23877.66 1 448 1 15:64
235 23969.76 1 91 1 11:64
236 23977.52 1 18 1 9:64
237 24160.88 1 171 1 1:64
238 24194.29 1 232 1 4:64
239 24447.89 1 295 1 6:64
240 24822.98 1 380 1 8:64
241 24860.43 1 379 1 8:64
242 24957.23 1 163 1 15:64
243 24995.53 1 423 1 8:64
244 25061.77 1 329 1 7:64
245 25089.64 1 255 1 11:64
246 25132.59 1 155 1 1:64
247 25292.99 1 357 1 3:64
248 25302.76 1 363 1 6:64
249 25548.16 1 433 1 0:64
250 25582.71 1 23 1 14:64
251 25636.48 1 191 1 14:64
252 25663.55 1 474 1 13:64
253 25718.47 1 487 1 0:64
254 25979.03 1 189 1 9:64
255 26070.47 1 400 1 15:64
256 26082.37 1 214 1 10:64
257 26326.59 1 328 1 13:64
258 26624.14 1 140 1 10:64
259 26641.51 1 253 1 11:64
260 26713.94 1 102 1 13:64
261 27158.9 1 241 1 9:64
262 27317.46 1 369 1 2:64
263 27329.4 1 231 1 6:64
264 27455.78 1 481 1 3:64
265 27547.88 1 463 1 14:64
266 27741.22 1 137 1 7:64
267 27791.9 1 367 1 4:64
268 28012.84 1 397 1 12:64
269 28030.9 1 192 1 9:64
270 28050.26 1 216 1 5:64
271 28087.36 1 270 1 4:64
272 28255.82 1 341 1 11:64
273 28450.7 1 418 1 10:64
274 28579.95 1 28 1 3:64
275 28864.82 1 175 1 2:64
276 28944.77 1 143 1 6:64
277 29127.93 1 296 1 15:64
278 29214.67 1 43 1 14:64
279 29246.98 1 271 1 7:64
280 29399.03 1 223 1 0:64
281 29495.04 1 390 1 1:64
282 29578.78 1 494 1 12:64
283 29665.23 1 128 1 3:64
284 29731.3 1 393 1 8:64
285 29932.7 1 317 1 7:64
286 29949.72 1 450 1 4:64
287 30026.55 1 47 1 12:64
288 30185.78 1 98 1 10:64
289 30538.81 1 112 1 5:64
290 30549.09 1 212 1 4:64
291 30629.61 1 120 1 2:64
292 30659.24 1 206 1 9:64
293 30671.45 1 134 1 5:64
294 30785.41 1 376 1 11:64
295 30827.38 1 345 1 11:64
296 30848.51 1 361 1 12:64
297 30858.74 1 500 1 11:64
298 31256.75 1 401 1 7:64
299 31311.12 1 434 1 6:64
300 31421.29 1 240 1 5:64
301 31505.42 1 484 1 9:64
302 31533.3 1 396 1 10:64
303 31545.98 1 183 1 0:64
304 31625.22 1 21 1 2:64
305 32211.59 1 71 1 4:64
306 32256.49 1 40 1 4:64
307 32271.56 1 246 1 3:64
308 32296.37 1 283 1 3:64
309 32315.53 1 279 1 0:64
310 32420.99 1 70 1 1:64
311 32542.46 1 123 1 12:64
312 33161.5 1 473 1 13:64
313 33303.68 1 72 1 5:64
314 33383.29 1 417 1 13:64
315 33593.98 1 364 1 8:64
316 33699.81 1 476 1 5:64
317 33717.94 1 430 1 1:64
318 33839.76 1 454 1 10:64
319 33889.99 1 146 1 0:64
320 33983.38 1 167 1 12:64
321 34330.45 1 492 1 13:64
322 34551.98 1 161 1 2:64
323 34584.92 1 471 1 13:64
324 34587.49 1 449 1 0:64
325 34725.52 1 377 1 10:64
326 34740.08 1 319 1 2:64
327 34754.79 1 349 1 2:64
328 34812.05 1 68 1 3:64
329 34813.09 1 152 1 13:64
330 34999.1 1 257 1 9:64
331 35077.45 1 310 1 14:64
332 35124.81 1 148 1 5:64
333 35325.98 1 372 1 3:64
334 35337.63 1 35 1 9:64
335 35434.69 1 299 1 1:64
336 35442.29 1 331 1 6:64
337 35781.19 1 292 1 12:64
338 35792.84 1 204 1 4:64
339 36097.64 1 298 1 3:64
340 36954.26 1 197 1 10:64
341 37034.02 1 244 1 9:64
342 37089.67 1 168 1 12:64
343 37337.04 1 365 1 0:64
344 37382.89 1 388 1 6:64
345 37406.35 1 411 1 5:64
346 37410.73 1 428 1 12:64
347 37533.32 1 22 1 10:64
348 37785.08 1 248 1 7:64
349 37790.19 1 105 1 14:64
350 38084.05 1 307 1 2:64
351 38093.53 1 126 1 8:64
352 38118.61 1 138 1 3:64
353 38267.42 1 222 1 11:64
354 38310.82 1 50 1 14:64
355 38362.19 1 483 1 1:64
356 38404.09 1 159 1 7:64
357 38506.8 1 350 1 13:64
358 38539.27 1 293 1 14:64
359 38615.08 1 408 1 11:64
360 38776.43 1 67 1 12:64
361 38845.97 1 262 1 14:64
362 39326.79 1 266 1 0:64
363 39436.59 1 169 1 1:64
364 39493.65 1 107 1 12:64
365 39572.14 1 260 1 11:64
366 39620.24 1 265 1 3:64
367 39844.48 1 340 1 0:64
368 39927.37 1 245 1 11:64
369 39950.82 1 405 1 10:64
370 40036.04 1 318 1 5:64
371 40085.46 1 84 1 14:64
372 40133.66 1 193 1 14:64
373 40155.01 1 503 1 5:64
374 40240.21 1 373 1 5:64
375 40262.27 1 203 1 12:64
376 40285.08 1 97 1 15:64
377 40436.41 1 158 1 0:64
378 40461.57 1 342 1 1:64
379 40549.33 1 493 1 2:64
380 40580.52 1 269 1 7:64
381 40675.26 1 74 1 8:64
382 40686.7 1 267 1 4:64
383 40770.51 1 32 1 11:64
384 40780.54 1 403 1 4:64
385 40781.73 1 235 1 12:64
386 40794.0 1 375 1 6:64
387 40824.01 1 485 1 11:64
388 40850.14 1 451 1 5:64
389 40933.57 1 85 1 10:64
390 41019.68 1 27 1 0:64
391 41082.89 1 491 1 10:64
392 41354.98 1 69 1 10:64
393 41372.92 1 278 1 12:64
394 41420.78 1 225 1 5:64
395 41726.88 1 385 1 3:64
396 41973.98 1 44 1 11:64
397 42042.25 1 320 1 5:64
398 42249.03 1 93 1 11:64
399 42298.7 1 358 1 2:64
400 42501.42 1 339 1 12:64
401 42705.6 1 431 1 7:64
402 42819.54 1 459 1 7:64
403 42844.16 1 238 1 7:64
404 42877.31 1 25 1 5:64
405 42884.7 1 220 1 11:64
406 42922.98 1 75 1 6:64
407 42932.67 1 392 1 6:64
408 43205.16 1 95 1 7:64
409 43280.05 1 457 1 14:64
410 43317.29 1 509 1 3:64
411 43319.31 1 228 1 6:64
412 43335.07 1 458 1 3:64
413 43389.59 1 96 1 9:64
414 43574.48 1 468 1 6:64
415 43629.43 1 506 1 13:64
416 43662.08 1 254 1 13:64
417 43705.16 1 250 1 11:64
418 43790.57 1 226 1 10:64
419 43867.17 1 277 1 6:64
420 43971.01 1 421 1 12:64
421 44011.05 1 145 1 7:64
422 44107.01 1 170 1 12:64
423 44169.98 1 429 1 0:64
424 44206.37 1 326 1 10:64
425 44297.98 1 127 1 6:64
426 44372.08 1 243 1 12:64
427 44659.86 1 213 1 11:64
428 44760.53 1 382 1 3:64
429 45019.37 1 34 1 13:64
430 45116.71 1 311 1 10:64
431 45762.99 1 452 1 0:64
432 46014.58 1 444 1 15:64
433 46161.16 1 24 1 6:64
434 46289.18 1 445 1 8:64
435 46318.65 1 438 1 3:64
436 46355.7 1 374 1 5:64
437 46357.95 1 229 1 14:64
438 46417.89 1 347 1 13:64
439 46523.64 1 147 1 10:64
440 46555.46 1 186 1 2:64
441 46557.41 1 424 1 1:64
442 46596.44 1 217 1 9:64
443 46597.83 1 301 1 8:64
444 46615.97 1 475 1 0:64
445 46887.85 1 353 1 2:64
446 46902.54 1 409 1 10:64
447 47141.76 1 30 1 14:64
448 47235.22 1 42 1 2:64
449 47283.97 1 110 1 14:64
450 47360.23 1 194 1 8:64
451 47749.13 1 470 1 15:64
452 47816.53 1 275 1 12:64
453 47964.84 1 447 1 9:64
454 48179.97 1 316 1 10:64
455 48249.92 1 99 1 0:64
456 48300.91 1 144 1 6:64
457 48421.74 1 300 1 4:64
458 48483.85 1 227 1 13:64
459 48558.27 1 338 1 12:64
460 48607.32 1 39 1 0:64
461 49212.37 1 139 1 9:64
462 49276.82 1 415 1 10:64
463 49359.37 1 106 1 12:64
464 49470.8 1 162 1 0:64
465 49539.01 1 355 1 7:64
466 49576.21 1 435 1 9:64
467 49821.82 1 410 1 12:64
468 49866.97 1 132 1 10:64
469 50065.96 1 290 1 15:64
470 50193.12 1 181 1 9:64
471 50397.92 1 81 1 1:64
472 50420.59 1 49 1 5:64
473 50525.24 1 38 1 5:64
474 50768.99 1 432 1 5:64
475 50852.73 1 150 1 3:64
476 50866.36 1 439 1 14:64
477 50882.18 1 66 1 6:64
478 50915.13 1 489 1 0:64
479 50979.6 1 48 1 13:64
480 51098.94 1 142 1 12:64
481 51192.83 1 63 1 7:64
482 51266.7 1 282 1 7:64
483 51377.84 1 190 1 0:64
484 51389.3 1 360 1 0:64
485 51405.69 1 234 1 9:64
486 51434.2 1 440 1 9:64
487 51700.56 1 83 1 3:64
488 51716.67 1 354 1 15:64
489 51758.34 1 395 1 7:64
490 51821.14 1 130 1 4:64
491 51866.02 1 387 1 13:64
492 52009.01 1 121 1 1:64
493 52036.34 1 413 1 8:64
494 52234.37 1 46 1 1:64
495 52333.15 1 79 1 9:64
