18 204
0 0 1 22 1 10:32
1 147.01 1 201 1 8:32
2 238.4 1 138 1 2:32
3 241.46 1 28 1 3:32
4 253.24 1 134 1 6:32
5 287.28 1 103 1 6:32
6 296.25 1 58 1 8:32
7 303.24 1 167 1 10:32
8 353.51 1 19 1 0:32
9 407.31 1 211 1 10:32
10 547.97 1 30 1 9:32
11 553.84 1 15 1 3:32
12 736.18 1 185 1 1:32
13 834.9 1 113 1 8:32
14 859.16 1 179 1 7:32
15 928.18 1 147 1 11:32
16 948.34 1 152 1 8:32
17 1029.69 1 98 1 1:32
18 1034.9 1 200 1 2:32
19 1109.4 1 57 1 9:32
20 1145.5 1 69 1 0:32
21 1171.74 1 144 1 2:32
22 1229.67 1 39 1 0:32
23 1319.28 1 26 1 8:32
24 1327.11 1 126 1 4:32
25 1375.57 1 55 1 9:32
26 1380.06 1 62 1 1:32
27 1438.07 1 14 1 5:32
28 1446.71 1 169 1 2:32
29 1459.29 1 171 1 9:32
30 1463.31 1 93 1 11:32
31 1482.91 1 82 1 9:32
32 1530.91 1 162 1 2:32
33 1604.49 1 178 1 9:32
34 1694.85 1 180 1 7:32
35 1785.67 1 61 1 7:32
36 1942.83 1 21 1 2:32
37 1957.44 1 73 1 1:32
38 1965.64 1 189 1 11:32
39 1996.56 1 140 1 6:32
40 2005.26 1 160 1 2:32
41 2007.39 1 207 1 4:32
42 2054.73 1 42 1 7:32
43 2082.24 1 168 1 7:32
44 2181.08 1 107 1 0:32
45 2193.6 1 87 1 9:32
46 2225.43 1 142 1 8:32
47 2291.63 1 102 1 3:32
48 2335.84 1 186 1 9:32
49 2370.49 1 33 1 1:32
50 2480.07 1 203 1 2:32
51 2482.21 1 157 1 10:32
52 2639.89 1 119 1 8:32
53 2653.78 1 128 1 7:32
54 2686.28 1 20 1 8:32
55 2701.69 1 188 1 10:32
56 2708.35 1 190 1 2:32
57 2728.76 1 173 1 8:32
58 2780.85 1 74 1 8:32
59 2847.65 1 31 1 2:32
60 2863.23 1 212 1 2:32
61 2909.9 1 177 1 2:32
62 2923.38 1 99 1 8:32
63 2924.33 1 78 1 8:32
64 2996.8 1 215 1 11:32
65 3017.01 1 191 1 6:32
66 3038.0 1 40 1 3:32
67 3182.87 1 163 1 3:32
68 3183.32 1 145 1 10:32
69 3289.52 1 124 1 4:32
70 3290.95 1 29 1 0:32
71 3407.22 1 153 1 9:32
72 3409.38 1 106 1 11:32
73 3616.26 1 146 1 0:32
74 3628.44 1 118 1 3:32
75 3678.93 1 75 1 11:32
76 3729.65 1 187 1 5:32
77 3783.0 1 198 1 10:32
78 3798.22 1 132 1 1:32
79 3845.27 1 202 1 3:32
80 3862.22 1 77 1 3:32
81 3984.72 1 139 1 11:32
82 4082.35 1 176 1 11:32
83 4082.97 1 88 1 3:32
84 4180.49 1 193 1 3:32
85 4219.22 1 194 1 2:32
86 4378.61 1 204 1 9:32
87 4401.11 1 108 1 9:32
88 4450.58 1 37 1 2:32
89 4455.5 1 130 1 1:32
90 4488.85 1 65 1 0:32
91 4508.0 1 159 1 0:32
92 4571.65 1 56 1 8:32
93 4697.26 1 115 1 10:32
94 4708.34 1 170 1 5:32
95 4886.81 1 135 1 0:32
96 4887.6 1 48 1 5:32
97 4914.08 1 174 1 11:32
98 4915.41 1 195 1 6:32
99 5037.09 1 23 1 5:32
100 5070.9 1 64 1 7:32
101 5075.89 1 24 1 1:32
102 5092.63 1 79 1 7:32
103 5124.24 1 89 1 7:32
104 5183.93 1 80 1 6:32
105 5204.36 1 83 1 9:32
106 5222.19 1 172 1 1:32
107 5241.03 1 166 1 3:32
108 5246.35 1 175 1 8:32
109 5285.58 1 91 1 0:32
110 5437.34 1 43 1 11:32
111 5472.41 1 52 1 4:32
112 5476.82 1 123 1 2:32
113 5526.25 1 210 1 4:32
114 5546.96 1 154 1 1:32
115 5574.53 1 117 1 10:32
116 5750.57 1 148 1 0:32
117 5847.38 1 127 1 10:32
118 5861.91 1 90 1 6:32
119 5882.57 1 95 1 4:32
120 5927.69 1 38 1 5:32
121 5981.26 1 122 1 0:32
122 6079.87 1 53 1 1:32
123 6152.8 1 47 1 3:32
124 6176.36 1 92 1 2:32
125 6185.23 1 149 1 2:32
126 6199.96 1 63 1 7:32
127 6228.15 1 110 1 6:32
128 6253.99 1 131 1 4:32
129 6286.99 1 137 1 9:32
130 6331.54 1 86 1 11:32
131 6335.41 1 51 1 10:32
132 6372.88 1 18 1 8:32
133 6373.5 1 36 1 10:32
134 6395.18 1 111 1 7:32
135 6406.57 1 205 1 7:32
136 6415.92 1 32 1 0:32
137 6440.67 1 109 1 5:32
138 6447.37 1 67 1 2:32
139 6489.21 1 85 1 0:32
140 6541.01 1 27 1 11:32
141 6584.82 1 161 1 8:32
142 6629.07 1 12 1 11:32
143 6630.44 1 158 1 8:32
144 6717.36 1 68 1 9:32
145 6720.58 1 13 1 6:32
146 6751.81 1 164 1 9:32
147 6834.15 1 133 1 5:32
148 6868.08 1 199 1 0:32
149 6882.72 1 25 1 4:32
150 6905.53 1 41 1 9:32
151 6930.26 1 136 1 6:32
152 6944.08 1 76 1 3:32
153 6957.64 1 96 1 0:32
154 7091.32 1 100 1 4:32
155 7162.01 1 197 1 5:32
156 7233.1 1 54 1 4:32
157 7255.14 1 121 1 10:32
158 7323.43 1 143 1 1:32
159 7389.07 1 17 1 7:32
160 7402.12 1 101 1 8:32
161 7412.3 1 50 1 3:32
162 7461.42 1 35 1 10:32
163 7523.3 1 94 1 6:32
164 7530.71 1 72 1 3:32
165 7592.33 1 120 1 6:32
166 7599.68 1 49 1 7:32
167 7640.0 1 150 1 6:32
168 7640.9 1 66 1 3:32
169 7651.64 1 116 1 4:32
170 7776.9 1 184 1 11:32
171 7821.13 1 84 1 0:32
172 7851.73 1 44 1 7:32
173 7882.61 1 155 1 3:32
174 7924.89 1 181 1 0:32
175 7999.35 1 209 1 8:32
176 8026.71 1 141 1 4:32
177 8061.36 1 45 1 9:32
178 8121.78 1 208 1 3:32
179 8144.23 1 165 1 11:32
180 8172.26 1 105 1 2:32
181 8237.11 1 34 1 1:32
182 8307.76 1 46 1 8:32
183 8343.2 1 213 1 5:32
184 8366.29 1 70 1 0:32
185 8429.53 1 182 1 1:32
186 8454.04 1 112 1 9:32
187 8459.42 1 71 1 11:32
188 8637.42 1 59 1 7:32
189 8656.02 1 97 1 3:32
190 8657.37 1 206 1 4:32
191 8660.52 1 156 1 9:32
192 8661.73 1 104 1 10:32
193 8792.3 1 60 1 9:32
194 8829.54 1 16 1 4:32
195 8883.97 1 192 1 5:32
196 8898.6 1 196 1 2:32
197 8900.02 1 183 1 6:32
198 8922.26 1 125 1 1:32
199 9014.15 1 151 1 6:32
200 9051.5 1 81 1 11:32
201 9123.03 1 129 1 0:32
202 9133.31 1 114 1 2:32
203 9273.09 1 214 1 1:32
