32 256
0 0 1 0 1 186:32
1 3.54 1 1 1 90:32
2 37.43 1 2 1 39:32
3 41.63 1 3 1 249:32
4 50.82 1 4 1 232:32
5 61.44 1 5 1 229:32
6 84.69 1 6 1 127:32
7 133.48 1 7 1 2:32
8 134.5 1 8 1 74:32
9 146.9 1 9 1 254:32
10 156.25 1 10 1 142:32
11 173.27 1 11 1 208:32
12 187.05 1 12 1 42:32
13 218.09 1 13 1 62:32
14 252.59 1 14 1 99:32
15 282.69 1 15 1 147:32
16 305.14 1 16 1 167:32
17 405.01 1 17 1 241:32
18 412.31 1 18 1 137:32
19 476.74 1 19 1 56:32
20 488.71 1 20 1 109:32
21 504.88 1 21 1 131:32
22 506.71 1 22 1 53:32
23 539.58 1 23 1 153:32
24 558.0 1 24 1 117:32
25 562.31 1 25 1 84:32
26 596.15 1 26 1 152:32
27 603.49 1 27 1 85:32
28 607.12 1 28 1 55:32
29 622.42 1 29 1 72:32
30 631.79 1 30 1 156:32
31 658.54 1 31 1 216:32
32 677.98 1 32 1 221:32
33 717.56 1 33 1 128:32
34 773.19 1 34 1 114:32
35 780.52 1 35 1 119:32
36 785.63 1 36 1 5:32
37 828.35 1 37 1 20:32
38 848.16 1 38 1 112:32
39 867.02 1 39 1 155:32
40 924.66 1 40 1 165:32
41 950.39 1 41 1 71:32
42 955.44 1 42 1 199:32
43 961.8 1 43 1 228:32
44 982.07 1 44 1 176:32
45 995.02 1 45 1 169:32
46 1052.21 1 46 1 195:32
47 1156.22 1 47 1 52:32
48 1169.23 1 48 1 230:32
49 1219.79 1 49 1 7:32
50 1232.96 1 50 1 134:32
51 1257.13 1 51 1 83:32
52 1276.53 1 52 1 107:32
53 1279.3 1 53 1 141:32
54 1285.06 1 54 1 93:32
55 1304.1 1 55 1 118:32
56 1306.39 1 56 1 200:32
57 1316.78 1 57 1 37:32
58 1401.11 1 58 1 79:32
59 1403.02 1 59 1 8:32
60 1424.87 1 60 1 9:32
61 1452.8 1 61 1 194:32
62 1468.51 1 62 1 220:32
63 1576.09 1 63 1 213:32
64 1620.24 1 64 1 192:32
65 1648.28 1 65 1 166:32
66 1649.64 1 66 1 88:32
67 1652.18 1 67 1 188:32
68 1696.89 1 68 1 209:32
69 1700.24 1 69 1 65:32
70 1701.95 1 70 1 31:32
71 1725.76 1 71 1 175:32
72 1749.09 1 72 1 129:32
73 1760.33 1 73 1 136:32
74 1811.04 1 74 1 95:32
75 1851.86 1 75 1 23:32
76 1860.12 1 76 1 223:32
77 1868.76 1 77 1 11:32
78 1869.57 1 78 1 111:32
79 1901.05 1 79 1 51:32
80 1902.07 1 80 1 154:32
81 1905.4 1 81 1 144:32
82 1953.57 1 82 1 126:32
83 1954.0 1 83 1 157:32
84 1970.61 1 84 1 101:32
85 1992.23 1 85 1 242:32
86 1998.85 1 86 1 248:32
87 2013.59 1 87 1 32:32
88 2034.35 1 88 1 60:32
89 2058.31 1 89 1 47:32
90 2109.23 1 90 1 222:32
91 2112.3 1 91 1 82:32
92 2136.77 1 92 1 54:32
93 2158.45 1 93 1 206:32
94 2213.39 1 94 1 231:32
95 2213.47 1 95 1 204:32
96 2218.89 1 96 1 168:32
97 2237.76 1 97 1 25:32
98 2242.62 1 98 1 16:32
99 2245.39 1 99 1 151:32
100 2262.92 1 100 1 191:32
101 2265.27 1 101 1 140:32
102 2287.87 1 102 1 180:32
103 2349.87 1 103 1 40:32
104 2351.62 1 104 1 181:32
105 2381.16 1 105 1 238:32
106 2394.41 1 106 1 46:32
107 2407.8 1 107 1 184:32
108 2409.69 1 108 1 214:32
109 2422.27 1 109 1 35:32
110 2426.53 1 110 1 135:32
111 2431.53 1 111 1 87:32
112 2442.62 1 112 1 211:32
113 2472.83 1 113 1 73:32
114 2495.4 1 114 1 143:32
115 2505.34 1 115 1 36:32
116 2556.08 1 116 1 239:32
117 2582.52 1 117 1 97:32
118 2594.88 1 118 1 185:32
119 2596.67 1 119 1 196:32
120 2596.73 1 120 1 10:32
121 2657.53 1 121 1 145:32
122 2669.04 1 122 1 61:32
123 2671.2 1 123 1 105:32
124 2680.02 1 124 1 162:32
125 2699.95 1 125 1 103:32
126 2722.7 1 126 1 38:32
127 2769.93 1 127 1 45:32
128 2864.38 1 128 1 30:32
129 2888.48 1 129 1 64:32
130 2893.07 1 130 1 13:32
131 2919.25 1 131 1 92:32
132 2923.03 1 132 1 179:32
133 2923.48 1 133 1 123:32
134 2931.44 1 134 1 67:32
135 2959.76 1 135 1 124:32
136 2977.95 1 136 1 219:32
137 2990.79 1 137 1 163:32
138 3000.02 1 138 1 48:32
139 3052.74 1 139 1 225:32
140 3170.81 1 140 1 33:32
141 3176.75 1 141 1 98:32
142 3183.96 1 142 1 28:32
143 3225.62 1 143 1 203:32
144 3229.32 1 144 1 59:32
145 3234.57 1 145 1 122:32
146 3255.11 1 146 1 150:32
147 3274.96 1 147 1 226:32
148 3293.95 1 148 1 187:32
149 3327.91 1 149 1 94:32
150 3337.71 1 150 1 139:32
151 3348.78 1 151 1 78:32
152 3370.24 1 152 1 125:32
153 3376.21 1 153 1 246:32
154 3417.06 1 154 1 233:32
155 3429.35 1 155 1 182:32
156 3444.04 1 156 1 14:32
157 3447.41 1 157 1 210:32
158 3504.02 1 158 1 173:32
159 3531.93 1 159 1 81:32
160 3592.53 1 160 1 245:32
161 3662.65 1 161 1 164:32
162 3665.61 1 162 1 49:32
163 3674.14 1 163 1 19:32
164 3776.42 1 164 1 116:32
165 3778.15 1 165 1 160:32
166 3786.8 1 166 1 161:32
167 3872.76 1 167 1 190:32
168 3901.68 1 168 1 198:32
169 3916.76 1 169 1 113:32
170 3930.85 1 170 1 244:32
171 3932.61 1 171 1 250:32
172 3940.31 1 172 1 22:32
173 3940.57 1 173 1 227:32
174 3947.94 1 174 1 218:32
175 3969.06 1 175 1 15:32
176 3983.43 1 176 1 102:32
177 4037.58 1 177 1 217:32
178 4045.22 1 178 1 252:32
179 4077.42 1 179 1 207:32
180 4097.85 1 180 1 236:32
181 4097.97 1 181 1 4:32
182 4105.05 1 182 1 17:32
183 4138.29 1 183 1 29:32
184 4214.89 1 184 1 193:32
185 4225.88 1 185 1 172:32
186 4242.95 1 186 1 255:32
187 4292.66 1 187 1 76:32
188 4327.5 1 188 1 215:32
189 4327.82 1 189 1 69:32
190 4378.73 1 190 1 224:32
191 4450.91 1 191 1 96:32
192 4499.0 1 192 1 21:32
193 4500.37 1 193 1 183:32
194 4505.94 1 194 1 130:32
195 4512.24 1 195 1 235:32
196 4544.22 1 196 1 43:32
197 4545.12 1 197 1 26:32
198 4545.18 1 198 1 110:32
199 4553.57 1 199 1 197:32
200 4554.63 1 200 1 24:32
201 4565.39 1 201 1 100:32
202 4570.35 1 202 1 6:32
203 4571.14 1 203 1 159:32
204 4588.94 1 204 1 243:32
205 4653.38 1 205 1 80:32
206 4678.93 1 206 1 253:32
207 4722.54 1 207 1 205:32
208 4725.78 1 208 1 133:32
209 4753.78 1 209 1 247:32
210 4769.34 1 210 1 149:32
211 4781.13 1 211 1 57:32
212 4784.44 1 212 1 174:32
213 4797.14 1 213 1 0:32
214 4821.47 1 214 1 58:32
215 4838.36 1 215 1 189:32
216 4886.37 1 216 1 108:32
217 4892.41 1 217 1 158:32
218 4915.31 1 218 1 91:32
219 4916.3 1 219 1 63:32
220 4941.97 1 220 1 18:32
221 4955.08 1 221 1 237:32
222 4973.4 1 222 1 120:32
223 5050.61 1 223 1 1:32
224 5056.76 1 224 1 27:32
225 5067.19 1 225 1 89:32
226 5068.0 1 226 1 212:32
227 5082.05 1 227 1 177:32
228 5102.47 1 228 1 146:32
229 5107.95 1 229 1 50:32
230 5114.1 1 230 1 171:32
231 5126.02 1 231 1 106:32
232 5153.31 1 232 1 201:32
233 5159.19 1 233 1 75:32
234 5184.57 1 234 1 68:32
235 5197.59 1 235 1 132:32
236 5251.16 1 236 1 148:32
237 5324.82 1 237 1 104:32
238 5325.79 1 238 1 234:32
239 5373.68 1 239 1 12:32
240 5398.68 1 240 1 41:32
241 5401.15 1 241 1 77:32
242 5407.82 1 242 1 251:32
243 5486.41 1 243 1 66:32
244 5515.16 1 244 1 240:32
245 5525.96 1 245 1 34:32
246 5555.62 1 246 1 115:32
247 5576.3 1 247 1 3:32
248 5593.41 1 248 1 202:32
249 5634.61 1 249 1 86:32
250 5644.05 1 250 1 121:32
251 5676.01 1 251 1 44:32
252 5702.09 1 252 1 70:32
253 5711.38 1 253 1 138:32
254 5738.25 1 254 1 178:32
255 5754.61 1 255 1 170:32
