128 2048
0 0 1 0 1 1383:64
1 78.03 1 1 1 875:64
2 165.99 1 2 1 19:64
3 254.88 1 3 1 628:64
4 365.37 1 4 1 1012:64
5 372.3 1 5 1 377:64
6 428.62 1 6 1 1018:64
7 433.7 1 7 1 165:64
8 449.61 1 8 1 239:64
9 556.16 1 9 1 889:64
10 774.99 1 10 1 363:64
11 831.9 1 11 1 673:64
12 893.36 1 12 1 1321:64
13 898.31 1 13 1 1659:64
14 911.23 1 14 1 842:64
15 930.6 1 15 1 1363:64
16 1128.65 1 16 1 375:64
17 1279.52 1 17 1 1349:64
18 1300.14 1 18 1 466:64
19 1428.37 1 19 1 357:64
20 1434.63 1 20 1 1177:64
21 1502.09 1 21 1 1579:64
22 1598.89 1 22 1 852:64
23 1674.18 1 23 1 1033:64
24 1684.88 1 24 1 962:64
25 1775.54 1 25 1 499:64
26 1923.93 1 26 1 1457:64
27 1931.16 1 27 1 1989:64
28 1945.09 1 28 1 159:64
29 1952.79 1 29 1 992:64
30 1957.04 1 30 1 264:64
31 1999.67 1 31 1 1401:64
32 2021.63 1 32 1 2018:64
33 2081.37 1 33 1 930:64
34 2154.96 1 34 1 1498:64
35 2325.69 1 35 1 181:64
36 2341.04 1 36 1 56:64
37 2364.56 1 37 1 922:64
38 2420.59 1 38 1 1481:64
39 2425.81 1 39 1 1820:64
40 2520.32 1 40 1 759:64
41 2524.3 1 41 1 838:64
42 2635.83 1 42 1 780:64
43 2662.86 1 43 1 766:64
44 2864.91 1 44 1 686:64
45 2894.86 1 45 1 2040:64
46 2987.43 1 46 1 866:64
47 3006.97 1 47 1 1112:64
48 3043.33 1 48 1 1139:64
49 3076.55 1 49 1 963:64
50 3102.21 1 50 1 1272:64
51 3114.17 1 51 1 397:64
52 3153.76 1 52 1 1821:64
53 3170.76 1 53 1 1693:64
54 3254.35 1 54 1 1165:64
55 3258.52 1 55 1 1075:64
56 3277.43 1 56 1 1583:64
57 3286.15 1 57 1 585:64
58 3334.35 1 58 1 1957:64
59 3365.92 1 59 1 1043:64
60 3458.43 1 60 1 1205:64
61 3521.09 1 61 1 1394:64
62 3527.87 1 62 1 353:64
63 3559.62 1 63 1 1833:64
64 3580.88 1 64 1 1131:64
65 3602.78 1 65 1 1752:64
66 3634.36 1 66 1 1933:64
67 3691.59 1 67 1 1813:64
68 3694.12 1 68 1 1128:64
69 3737.09 1 69 1 991:64
70 3869.15 1 70 1 204:64
71 3990.08 1 71 1 519:64
72 4032.93 1 72 1 681:64
73 4143.14 1 73 1 1703:64
74 4165.39 1 74 1 574:64
75 4165.44 1 75 1 996:64
76 4189.0 1 76 1 1603:64
77 4270.05 1 77 1 1692:64
78 4287.1 1 78 1 630:64
79 4311.53 1 79 1 620:64
80 4345.4 1 80 1 1564:64
81 4395.14 1 81 1 114:64
82 4410.13 1 82 1 144:64
83 4452.88 1 83 1 1544:64
84 4503.67 1 84 1 1804:64
85 4653.7 1 85 1 906:64
86 4698.96 1 86 1 593:64
87 4725.93 1 87 1 1956:64
88 4756.51 1 88 1 1819:64
89 4830.47 1 89 1 886:64
90 4850.4 1 90 1 1006:64
91 4907.04 1 91 1 102:64
92 4956.3 1 92 1 216:64
93 4977.95 1 93 1 1442:64
94 4997.64 1 94 1 965:64
95 5051.71 1 95 1 1880:64
96 5155.15 1 96 1 611:64
97 5179.78 1 97 1 554:64
98 5209.37 1 98 1 2013:64
99 5231.75 1 99 1 468:64
100 5246.2 1 100 1 1226:64
101 5277.03 1 101 1 1351:64
102 5315.34 1 102 1 675:64
103 5323.36 1 103 1 383:64
104 5341.56 1 104 1 760:64
105 5460.3 1 105 1 1445:64
106 5530.9 1 106 1 166:64
107 5598.76 1 107 1 152:64
108 5601.3 1 108 1 1868:64
109 5678.07 1 109 1 1359:64
110 5678.17 1 110 1 1795:64
111 5693.21 1 111 1 68:64
112 5737.88 1 112 1 1586:64
113 5746.49 1 113 1 2030:64
114 5768.45 1 114 1 490:64
115 5812.75 1 115 1 483:64
116 5836.35 1 116 1 146:64
117 5895.41 1 117 1 289:64
118 5947.6 1 118 1 1132:64
119 6045.62 1 119 1 405:64
120 6067.22 1 120 1 1088:64
121 6212.96 1 121 1 1548:64
122 6249.05 1 122 1 903:64
123 6292.38 1 123 1 799:64
124 6292.77 1 124 1 1204:64
125 6339.45 1 125 1 797:64
126 6442.3 1 126 1 1198:64
127 6449.74 1 127 1 536:64
128 6464.69 1 128 1 1789:64
129 6553.83 1 129 1 393:64
130 6710.69 1 130 1 345:64
131 6720.43 1 131 1 344:64
132 6772.89 1 132 1 642:64
133 6804.96 1 133 1 1616:64
134 6805.97 1 134 1 1163:64
135 6822.43 1 135 1 516:64
136 6828.22 1 136 1 1038:64
137 6857.64 1 137 1 605:64
138 6859.73 1 138 1 1274:64
139 7018.08 1 139 1 1532:64
140 7046.0 1 140 1 736:64
141 7052.46 1 141 1 313:64
142 7079.89 1 142 1 20:64
143 7093.32 1 143 1 307:64
144 7122.65 1 144 1 351:64
145 7131.06 1 145 1 1241:64
146 7158.68 1 146 1 171:64
147 7172.89 1 147 1 737:64
148 7179.39 1 148 1 133:64
149 7246.67 1 149 1 915:64
150 7286.15 1 150 1 1955:64
151 7291.79 1 151 1 1527:64
152 7348.98 1 152 1 1927:64
153 7369.86 1 153 1 809:64
154 7481.56 1 154 1 892:64
155 7512.69 1 155 1 170:64
156 7624.12 1 156 1 625:64
157 7650.09 1 157 1 1857:64
158 7660.79 1 158 1 1909:64
159 7681.65 1 159 1 347:64
160 7691.66 1 160 1 1376:64
161 7696.41 1 161 1 1435:64
162 7697.69 1 162 1 1877:64
163 7714.51 1 163 1 2027:64
164 7868.44 1 164 1 1230:64
165 7992.35 1 165 1 1535:64
166 8075.77 1 166 1 1511:64
167 8098.9 1 167 1 45:64
168 8295.67 1 168 1 1618:64
169 8309.5 1 169 1 1862:64
170 8310.96 1 170 1 712:64
171 8323.14 1 171 1 751:64
172 8387.51 1 172 1 1412:64
173 8512.01 1 173 1 312:64
174 8572.36 1 174 1 1620:64
175 8580.16 1 175 1 365:64
176 8817.94 1 176 1 1677:64
177 8922.05 1 177 1 1828:64
178 8949.41 1 178 1 1849:64
179 8971.26 1 179 1 209:64
180 8974.74 1 180 1 419:64
181 9016.45 1 181 1 2021:64
182 9043.36 1 182 1 1776:64
183 9142.45 1 183 1 1485:64
184 9184.8 1 184 1 951:64
185 9250.19 1 185 1 1869:64
186 9260.26 1 186 1 1919:64
187 9339.42 1 187 1 1611:64
188 9398.95 1 188 1 1382:64
189 9479.08 1 189 1 129:64
190 9510.7 1 190 1 1426:64
191 9528.26 1 191 1 1210:64
192 9575.75 1 192 1 1069:64
193 9611.87 1 193 1 910:64
194 9667.26 1 194 1 1667:64
195 9681.99 1 195 1 155:64
196 9715.58 1 196 1 1385:64
197 9743.11 1 197 1 808:64
198 9748.23 1 198 1 8:64
199 9756.19 1 199 1 1249:64
200 9924.04 1 200 1 66:64
201 10006.54 1 201 1 1269:64
202 10018.81 1 202 1 1034:64
203 10095.29 1 203 1 1826:64
204 10130.59 1 204 1 1318:64
205 10140.49 1 205 1 1147:64
206 10214.08 1 206 1 597:64
207 10235.02 1 207 1 411:64
208 10289.05 1 208 1 636:64
209 10316.42 1 209 1 1026:64
210 10342.99 1 210 1 1189:64
211 10343.43 1 211 1 624:64
212 10397.68 1 212 1 185:64
213 10535.61 1 213 1 2038:64
214 10614.85 1 214 1 794:64
215 10632.43 1 215 1 1641:64
216 10824.84 1 216 1 44:64
217 10832.49 1 217 1 528:64
218 10832.67 1 218 1 537:64
219 10906.52 1 219 1 74:64
220 10972.57 1 220 1 1730:64
221 10993.21 1 221 1 190:64
222 10999.76 1 222 1 1285:64
223 11018.4 1 223 1 72:64
224 11022.29 1 224 1 2004:64
225 11031.44 1 225 1 1674:64
226 11107.9 1 226 1 1900:64
227 11208.63 1 227 1 1337:64
228 11335.46 1 228 1 1255:64
229 11378.8 1 229 1 1543:64
230 11380.41 1 230 1 1097:64
231 11384.46 1 231 1 1682:64
232 11397.42 1 232 1 1389:64
233 11402.56 1 233 1 122:64
234 11456.54 1 234 1 610:64
235 11524.36 1 235 1 200:64
236 11525.48 1 236 1 267:64
237 11546.25 1 237 1 1432:64
238 11569.78 1 238 1 168:64
239 11585.5 1 239 1 1333:64
240 11627.96 1 240 1 509:64
241 11654.87 1 241 1 1974:64
242 11665.57 1 242 1 1694:64
243 11693.4 1 243 1 488:64
244 11711.68 1 244 1 1465:64
245 11852.45 1 245 1 1912:64
246 11911.36 1 246 1 1986:64
247 11960.21 1 247 1 1058:64
248 11972.6 1 248 1 549:64
249 11991.41 1 249 1 1786:64
250 12019.13 1 250 1 359:64
251 12058.7 1 251 1 649:64
252 12143.83 1 252 1 1487:64
253 12194.47 1 253 1 1491:64
254 12291.33 1 254 1 801:64
255 12349.91 1 255 1 464:64
256 12440.02 1 256 1 1878:64
257 12441.08 1 257 1 1203:64
258 12447.83 1 258 1 1423:64
259 12475.84 1 259 1 391:64
260 12540.5 1 260 1 390:64
261 12549.42 1 261 1 960:64
262 12618.23 1 262 1 491:64
263 12644.05 1 263 1 100:64
264 12653.66 1 264 1 1338:64
265 12873.2 1 265 1 831:64
266 12965.31 1 266 1 103:64
267 12980.44 1 267 1 659:64
268 12980.7 1 268 1 1361:64
269 13006.79 1 269 1 1495:64
270 13088.22 1 270 1 901:64
271 13179.16 1 271 1 1852:64
272 13273.72 1 272 1 1085:64
273 13382.96 1 273 1 1014:64
274 13415.08 1 274 1 1861:64
275 13478.24 1 275 1 21:64
276 13723.71 1 276 1 735:64
277 13737.8 1 277 1 1005:64
278 13766.32 1 278 1 1392:64
279 13829.8 1 279 1 324:64
280 13919.39 1 280 1 1691:64
281 13996.99 1 281 1 928:64
282 14019.49 1 282 1 832:64
283 14032.6 1 283 1 1154:64
284 14061.52 1 284 1 1125:64
285 14064.07 1 285 1 205:64
286 14080.48 1 286 1 331:64
287 14089.75 1 287 1 1768:64
288 14090.75 1 288 1 985:64
289 14235.02 1 289 1 1236:64
290 14331.1 1 290 1 1887:64
291 14348.34 1 291 1 1856:64
292 14427.96 1 292 1 1213:64
293 14438.96 1 293 1 634:64
294 14461.22 1 294 1 84:64
295 14484.69 1 295 1 2010:64
296 14503.82 1 296 1 1906:64
297 14526.05 1 297 1 1015:64
298 14610.15 1 298 1 169:64
299 14616.53 1 299 1 337:64
300 14725.08 1 300 1 138:64
301 14826.77 1 301 1 1152:64
302 14850.8 1 302 1 1470:64
303 14869.68 1 303 1 498:64
304 14890.57 1 304 1 437:64
305 14909.35 1 305 1 934:64
306 14957.56 1 306 1 421:64
307 15013.69 1 307 1 65:64
308 15056.77 1 308 1 1757:64
309 15111.68 1 309 1 952:64
310 15148.0 1 310 1 1668:64
311 15176.63 1 311 1 1001:64
312 15215.82 1 312 1 1129:64
313 15278.05 1 313 1 1122:64
314 15460.57 1 314 1 1179:64
315 15580.25 1 315 1 399:64
316 15619.07 1 316 1 260:64
317 15768.72 1 317 1 529:64
318 15793.74 1 318 1 148:64
319 15795.66 1 319 1 317:64
320 15829.4 1 320 1 227:64
321 15880.91 1 321 1 1220:64
322 15915.05 1 322 1 701:64
323 15940.58 1 323 1 535:64
324 15977.67 1 324 1 670:64
325 16023.4 1 325 1 1252:64
326 16055.34 1 326 1 1480:64
327 16057.29 1 327 1 1374:64
328 16071.0 1 328 1 1670:64
329 16087.03 1 329 1 1233:64
330 16091.95 1 330 1 262:64
331 16095.45 1 331 1 2028:64
332 16242.3 1 332 1 1377:64
333 16356.84 1 333 1 1720:64
334 16359.96 1 334 1 43:64
335 16516.51 1 335 1 219:64
336 16570.63 1 336 1 24:64
337 16580.67 1 337 1 732:64
338 16587.9 1 338 1 847:64
339 16652.72 1 339 1 476:64
340 16667.32 1 340 1 883:64
341 16796.33 1 341 1 2019:64
342 16896.74 1 342 1 229:64
343 16940.38 1 343 1 1497:64
344 16944.96 1 344 1 1292:64
345 17044.89 1 345 1 1731:64
346 17120.29 1 346 1 1416:64
347 17153.35 1 347 1 32:64
348 17189.34 1 348 1 956:64
349 17259.73 1 349 1 511:64
350 17269.25 1 350 1 1004:64
351 17274.33 1 351 1 1614:64
352 17288.98 1 352 1 1503:64
353 17338.07 1 353 1 1910:64
354 17340.01 1 354 1 52:64
355 17356.18 1 355 1 86:64
356 17387.88 1 356 1 1055:64
357 17404.51 1 357 1 1782:64
358 17493.07 1 358 1 823:64
359 17505.67 1 359 1 717:64
360 17517.0 1 360 1 259:64
361 17553.93 1 361 1 88:64
362 17610.85 1 362 1 1397:64
363 17626.79 1 363 1 465:64
364 17630.07 1 364 1 496:64
365 17643.19 1 365 1 1319:64
366 17707.51 1 366 1 339:64
367 17711.47 1 367 1 446:64
368 17816.01 1 368 1 845:64
369 17832.85 1 369 1 1221:64
370 17837.05 1 370 1 1301:64
371 17872.74 1 371 1 93:64
372 17878.87 1 372 1 724:64
373 17924.22 1 373 1 198:64
374 17983.79 1 374 1 995:64
375 18027.11 1 375 1 677:64
376 18067.85 1 376 1 458:64
377 18124.88 1 377 1 1071:64
378 18222.38 1 378 1 1793:64
379 18356.81 1 379 1 384:64
380 18371.31 1 380 1 382:64
381 18422.22 1 381 1 1231:64
382 18493.17 1 382 1 503:64
383 18791.92 1 383 1 372:64
384 18822.15 1 384 1 1330:64
385 18848.31 1 385 1 1560:64
386 18900.54 1 386 1 1273:64
387 18949.14 1 387 1 1962:64
388 18987.7 1 388 1 1042:64
389 19031.24 1 389 1 1632:64
390 19035.61 1 390 1 352:64
391 19118.4 1 391 1 1814:64
392 19128.63 1 392 1 1899:64
393 19193.62 1 393 1 844:64
394 19279.8 1 394 1 575:64
395 19284.25 1 395 1 1064:64
396 19307.9 1 396 1 385:64
397 19315.58 1 397 1 1592:64
398 19386.71 1 398 1 469:64
399 19399.3 1 399 1 1952:64
400 19423.89 1 400 1 208:64
401 19435.89 1 401 1 777:64
402 19444.75 1 402 1 210:64
403 19453.6 1 403 1 1067:64
404 19492.26 1 404 1 1447:64
405 19667.57 1 405 1 1329:64
406 19713.97 1 406 1 1918:64
407 19719.85 1 407 1 1257:64
408 19720.36 1 408 1 1982:64
409 19762.29 1 409 1 224:64
410 19774.49 1 410 1 449:64
411 19826.32 1 411 1 1217:64
412 19934.08 1 412 1 853:64
413 19955.53 1 413 1 602:64
414 19975.73 1 414 1 1568:64
415 20080.74 1 415 1 1322:64
416 20101.05 1 416 1 426:64
417 20130.1 1 417 1 802:64
418 20164.72 1 418 1 1625:64
419 20237.21 1 419 1 656:64
420 20242.72 1 420 1 479:64
421 20259.21 1 421 1 888:64
422 20348.28 1 422 1 1417:64
423 20402.24 1 423 1 1428:64
424 20473.23 1 424 1 1534:64
425 20502.9 1 425 1 457:64
426 20531.98 1 426 1 2034:64
427 20599.42 1 427 1 598:64
428 20629.27 1 428 1 1977:64
429 20764.93 1 429 1 1153:64
430 20852.1 1 430 1 218:64
431 20937.75 1 431 1 1261:64
432 20975.35 1 432 1 938:64
433 20984.66 1 433 1 1444:64
434 21000.56 1 434 1 1091:64
435 21015.78 1 435 1 1016:64
436 21066.53 1 436 1 1051:64
437 21143.81 1 437 1 843:64
438 21204.46 1 438 1 6:64
439 21208.04 1 439 1 854:64
440 21231.94 1 440 1 1367:64
441 21453.43 1 441 1 725:64
442 21494.97 1 442 1 60:64
443 21521.94 1 443 1 1818:64
444 21634.09 1 444 1 493:64
445 21715.23 1 445 1 1216:64
446 21758.44 1 446 1 796:64
447 21816.51 1 447 1 1755:64
448 21832.43 1 448 1 1743:64
449 21895.26 1 449 1 207:64
450 21925.26 1 450 1 754:64
451 22020.52 1 451 1 1076:64
452 22029.94 1 452 1 355:64
453 22032.61 1 453 1 211:64
454 22063.1 1 454 1 596:64
455 22134.77 1 455 1 1393:64
456 22170.57 1 456 1 1573:64
457 22468.08 1 457 1 342:64
458 22542.11 1 458 1 414:64
459 22633.97 1 459 1 1612:64
460 22666.61 1 460 1 1381:64
461 22760.71 1 461 1 158:64
462 22783.02 1 462 1 764:64
463 22807.59 1 463 1 1438:64
464 22975.43 1 464 1 1717:64
465 22995.49 1 465 1 1711:64
466 23039.96 1 466 1 663:64
467 23099.04 1 467 1 1827:64
468 23128.22 1 468 1 640:64
469 23243.81 1 469 1 311:64
470 23294.94 1 470 1 1634:64
471 23436.35 1 471 1 525:64
472 23441.55 1 472 1 330:64
473 23547.69 1 473 1 471:64
474 23573.25 1 474 1 1725:64
475 23579.61 1 475 1 1533:64
476 23662.15 1 476 1 582:64
477 23667.34 1 477 1 1713:64
478 23737.18 1 478 1 1526:64
479 23752.98 1 479 1 1023:64
480 23809.75 1 480 1 1944:64
481 23972.87 1 481 1 1295:64
482 23995.44 1 482 1 1723:64
483 24041.64 1 483 1 1762:64
484 24172.11 1 484 1 719:64
485 24186.78 1 485 1 1336:64
486 24313.1 1 486 1 821:64
487 24349.22 1 487 1 362:64
488 24362.34 1 488 1 1264:64
489 24379.22 1 489 1 1554:64
490 24382.31 1 490 1 184:64
491 24463.73 1 491 1 1888:64
492 24478.21 1 492 1 110:64
493 24546.63 1 493 1 1683:64
494 24560.44 1 494 1 678:64
495 24573.92 1 495 1 1702:64
496 24609.54 1 496 1 859:64
497 24620.97 1 497 1 1943:64
498 24673.14 1 498 1 1539:64
499 24784.58 1 499 1 706:64
500 24798.8 1 500 1 608:64
501 24932.81 1 501 1 253:64
502 24980.41 1 502 1 924:64
503 24997.46 1 503 1 1035:64
504 24998.65 1 504 1 2046:64
505 25052.63 1 505 1 1842:64
506 25090.34 1 506 1 1180:64
507 25138.95 1 507 1 1778:64
508 25156.8 1 508 1 1915:64
509 25160.05 1 509 1 1559:64
510 25185.69 1 510 1 1464:64
511 25239.11 1 511 1 251:64
512 25311.76 1 512 1 1507:64
513 25311.93 1 513 1 392:64
514 25458.36 1 514 1 315:64
515 25485.69 1 515 1 482:64
516 25508.11 1 516 1 254:64
517 25529.16 1 517 1 125:64
518 25600.78 1 518 1 1380:64
519 25745.73 1 519 1 1135:64
520 25779.7 1 520 1 502:64
521 25799.67 1 521 1 792:64
522 25803.31 1 522 1 1518:64
523 25805.63 1 523 1 1520:64
524 25815.64 1 524 1 876:64
525 25838.93 1 525 1 898:64
526 25916.5 1 526 1 1740:64
527 26033.51 1 527 1 1184:64
528 26034.13 1 528 1 1788:64
529 26109.97 1 529 1 1110:64
530 26148.48 1 530 1 514:64
531 26205.08 1 531 1 179:64
532 26219.56 1 532 1 518:64
533 26236.43 1 533 1 46:64
534 26325.32 1 534 1 639:64
535 26363.34 1 535 1 332:64
536 26371.9 1 536 1 513:64
537 26406.99 1 537 1 894:64
538 26414.27 1 538 1 615:64
539 26456.19 1 539 1 1517:64
540 26603.12 1 540 1 424:64
541 26614.29 1 541 1 76:64
542 26626.66 1 542 1 1425:64
543 26713.52 1 543 1 568:64
544 26777.86 1 544 1 1756:64
545 26875.68 1 545 1 1652:64
546 26977.71 1 546 1 1994:64
547 27133.7 1 547 1 730:64
548 27160.76 1 548 1 1458:64
549 27162.56 1 549 1 371:64
550 27242.76 1 550 1 1399:64
551 27269.35 1 551 1 422:64
552 27274.22 1 552 1 987:64
553 27299.24 1 553 1 1117:64
554 27328.31 1 554 1 621:64
555 27337.51 1 555 1 1149:64
556 27468.46 1 556 1 96:64
557 27605.82 1 557 1 302:64
558 27607.83 1 558 1 26:64
559 27715.22 1 559 1 1482:64
560 27720.44 1 560 1 1073:64
561 27726.92 1 561 1 467:64
562 27784.46 1 562 1 1598:64
563 27867.58 1 563 1 1148:64
564 27882.63 1 564 1 189:64
565 27916.67 1 565 1 763:64
566 28023.59 1 566 1 33:64
567 28081.82 1 567 1 1331:64
568 28147.32 1 568 1 137:64
569 28174.79 1 569 1 816:64
570 28195.46 1 570 1 1050:64
571 28195.5 1 571 1 559:64
572 28228.49 1 572 1 1990:64
573 28229.39 1 573 1 234:64
574 28286.94 1 574 1 1225:64
575 28318.02 1 575 1 588:64
576 28347.34 1 576 1 848:64
577 28383.85 1 577 1 543:64
578 28428.25 1 578 1 1665:64
579 28440.49 1 579 1 1617:64
580 28647.86 1 580 1 396:64
581 28679.8 1 581 1 1787:64
582 28689.7 1 582 1 1162:64
583 28792.88 1 583 1 1932:64
584 28840.05 1 584 1 1384:64
585 28901.41 1 585 1 389:64
586 28991.34 1 586 1 1808:64
587 29072.28 1 587 1 623:64
588 29121.95 1 588 1 2033:64
589 29168.53 1 589 1 787:64
590 29209.65 1 590 1 710:64
591 29259.96 1 591 1 431:64
592 29307.66 1 592 1 1224:64
593 29310.87 1 593 1 1082:64
594 29318.59 1 594 1 680:64
595 29321.97 1 595 1 1332:64
596 29383.3 1 596 1 1448:64
597 29391.66 1 597 1 998:64
598 29447.85 1 598 1 966:64
599 29480.8 1 599 1 1562:64
600 29519.52 1 600 1 672:64
601 29530.18 1 601 1 702:64
602 29624.18 1 602 1 1074:64
603 29648.46 1 603 1 1211:64
604 29673.52 1 604 1 1656:64
605 29679.34 1 605 1 526:64
606 29693.95 1 606 1 98:64
607 29841.53 1 607 1 1914:64
608 29850.67 1 608 1 695:64
609 30052.15 1 609 1 1953:64
610 30065.08 1 610 1 1686:64
611 30117.48 1 611 1 364:64
612 30117.59 1 612 1 909:64
613 30150.97 1 613 1 1140:64
614 30202.09 1 614 1 481:64
615 30278.42 1 615 1 79:64
616 30354.14 1 616 1 1121:64
617 30384.59 1 617 1 1164:64
618 30469.97 1 618 1 770:64
619 30488.42 1 619 1 885:64
620 30497.71 1 620 1 1823:64
621 30579.64 1 621 1 776:64
622 30682.09 1 622 1 127:64
623 30805.79 1 623 1 367:64
624 30833.06 1 624 1 174:64
625 30944.86 1 625 1 1874:64
626 30962.86 1 626 1 1462:64
627 31024.2 1 627 1 1779:64
628 31080.99 1 628 1 157:64
629 31088.6 1 629 1 188:64
630 31121.05 1 630 1 1124:64
631 31136.19 1 631 1 255:64
632 31179.94 1 632 1 1855:64
633 31244.77 1 633 1 896:64
634 31300.89 1 634 1 805:64
635 31302.02 1 635 1 230:64
636 31326.43 1 636 1 1658:64
637 31331.05 1 637 1 1639:64
638 31390.92 1 638 1 2036:64
639 31404.05 1 639 1 858:64
640 31433.95 1 640 1 409:64
641 31436.39 1 641 1 1049:64
642 31470.22 1 642 1 1983:64
643 31537.97 1 643 1 1754:64
644 31540.07 1 644 1 143:64
645 31584.07 1 645 1 1196:64
646 31674.9 1 646 1 731:64
647 31715.06 1 647 1 1729:64
648 31783.45 1 648 1 676:64
649 32043.39 1 649 1 826:64
650 32071.55 1 650 1 413:64
651 32095.59 1 651 1 1039:64
652 32181.46 1 652 1 1928:64
653 32322.37 1 653 1 305:64
654 32440.87 1 654 1 890:64
655 32464.91 1 655 1 979:64
656 32466.68 1 656 1 1144:64
657 32559.19 1 657 1 884:64
658 32641.2 1 658 1 1709:64
659 32671.11 1 659 1 1774:64
660 32698.82 1 660 1 326:64
661 32845.42 1 661 1 37:64
662 32885.36 1 662 1 1897:64
663 32935.41 1 663 1 126:64
664 33139.06 1 664 1 48:64
665 33144.56 1 665 1 473:64
666 33150.05 1 666 1 1013:64
667 33174.58 1 667 1 349:64
668 33188.52 1 668 1 1679:64
669 33250.44 1 669 1 959:64
670 33280.99 1 670 1 11:64
671 33439.83 1 671 1 432:64
672 33443.28 1 672 1 1763:64
673 33449.89 1 673 1 1621:64
674 33485.84 1 674 1 753:64
675 33560.88 1 675 1 350:64
676 33572.62 1 676 1 1635:64
677 33675.53 1 677 1 905:64
678 33780.9 1 678 1 1415:64
679 33838.52 1 679 1 1379:64
680 33849.31 1 680 1 1009:64
681 33919.53 1 681 1 1759:64
682 33990.1 1 682 1 1402:64
683 34010.06 1 683 1 913:64
684 34037.52 1 684 1 871:64
685 34059.2 1 685 1 373:64
686 34061.62 1 686 1 1923:64
687 34070.07 1 687 1 292:64
688 34132.18 1 688 1 542:64
689 34194.64 1 689 1 1398:64
690 34264.78 1 690 1 1340:64
691 34289.8 1 691 1 691:64
692 34365.9 1 692 1 1602:64
693 34501.69 1 693 1 361:64
694 34513.99 1 694 1 1056:64
695 34574.04 1 695 1 820:64
696 34602.13 1 696 1 1365:64
697 34602.65 1 697 1 1824:64
698 34616.24 1 698 1 1797:64
699 34627.47 1 699 1 1627:64
700 34678.67 1 700 1 276:64
701 34729.56 1 701 1 1997:64
702 34764.7 1 702 1 908:64
703 34770.01 1 703 1 757:64
704 34772.85 1 704 1 1947:64
705 34830.58 1 705 1 900:64
706 34848.12 1 706 1 1536:64
707 35000.43 1 707 1 1995:64
708 35220.72 1 708 1 1712:64
709 35226.49 1 709 1 192:64
710 35281.36 1 710 1 1119:64
711 35341.04 1 711 1 172:64
712 35368.05 1 712 1 1937:64
713 35376.24 1 713 1 296:64
714 35462.93 1 714 1 1719:64
715 35483.41 1 715 1 2026:64
716 35509.48 1 716 1 1889:64
717 35738.1 1 717 1 1739:64
718 35747.36 1 718 1 1528:64
719 35884.07 1 719 1 1373:64
720 36033.16 1 720 1 1781:64
721 36145.37 1 721 1 2001:64
722 36217.76 1 722 1 191:64
723 36225.07 1 723 1 221:64
724 36338.85 1 724 1 1108:64
725 36342.28 1 725 1 727:64
726 36434.87 1 726 1 82:64
727 36508.22 1 727 1 220:64
728 36520.44 1 728 1 1476:64
729 36587.85 1 729 1 120:64
730 36641.03 1 730 1 1938:64
731 36692.79 1 731 1 1276:64
732 36693.1 1 732 1 1:64
733 36746.04 1 733 1 130:64
734 36782.51 1 734 1 1948:64
735 36830.03 1 735 1 64:64
736 36853.98 1 736 1 1077:64
737 37004.44 1 737 1 840:64
738 37012.25 1 738 1 1007:64
739 37014.26 1 739 1 348:64
740 37016.9 1 740 1 237:64
741 37043.14 1 741 1 1501:64
742 37046.08 1 742 1 1604:64
743 37129.47 1 743 1 1850:64
744 37164.99 1 744 1 592:64
745 37249.35 1 745 1 1676:64
746 37332.28 1 746 1 1000:64
747 37344.82 1 747 1 121:64
748 37442.58 1 748 1 310:64
749 37493.57 1 749 1 1094:64
750 37534.17 1 750 1 1316:64
751 37556.61 1 751 1 510:64
752 37605.49 1 752 1 319:64
753 37669.05 1 753 1 856:64
754 37746.97 1 754 1 1142:64
755 37767.02 1 755 1 1396:64
756 37827.28 1 756 1 177:64
757 37866.05 1 757 1 341:64
758 37881.74 1 758 1 265:64
759 37916.4 1 759 1 1305:64
760 37931.24 1 760 1 423:64
761 37937.48 1 761 1 1836:64
762 37943.53 1 762 1 2005:64
763 37995.0 1 763 1 1475:64
764 38133.85 1 764 1 1284:64
765 38237.87 1 765 1 1552:64
766 38251.46 1 766 1 655:64
767 38303.73 1 767 1 67:64
768 38350.4 1 768 1 1987:64
769 38359.95 1 769 1 521:64
770 38374.21 1 770 1 1455:64
771 38394.99 1 771 1 1400:64
772 38619.15 1 772 1 837:64
773 38665.16 1 773 1 1716:64
774 38882.09 1 774 1 80:64
775 38912.88 1 775 1 713:64
776 38968.64 1 776 1 1347:64
777 39017.41 1 777 1 1590:64
778 39112.56 1 778 1 1746:64
779 39224.07 1 779 1 810:64
780 39235.52 1 780 1 1607:64
781 39249.91 1 781 1 285:64
782 39257.48 1 782 1 1975:64
783 39286.58 1 783 1 1727:64
784 39466.17 1 784 1 394:64
785 39478.25 1 785 1 41:64
786 39625.2 1 786 1 1044:64
787 39635.5 1 787 1 1036:64
788 39655.68 1 788 1 1126:64
789 39658.25 1 789 1 403:64
790 39741.15 1 790 1 750:64
791 39753.4 1 791 1 646:64
792 39807.55 1 792 1 1041:64
793 39848.4 1 793 1 999:64
794 39923.13 1 794 1 1127:64
795 40035.81 1 795 1 243:64
796 40055.92 1 796 1 690:64
797 40085.91 1 797 1 1784:64
798 40138.19 1 798 1 807:64
799 40143.66 1 799 1 1168:64
800 40222.41 1 800 1 1588:64
801 40256.69 1 801 1 1549:64
802 40291.16 1 802 1 1308:64
803 40349.89 1 803 1 1300:64
804 40455.15 1 804 1 1748:64
805 40494.57 1 805 1 803:64
806 40527.71 1 806 1 1309:64
807 40568.26 1 807 1 1156:64
808 40573.32 1 808 1 1188:64
809 40647.42 1 809 1 1920:64
810 40679.64 1 810 1 1645:64
811 40707.06 1 811 1 1114:64
812 40789.15 1 812 1 1209:64
813 40858.96 1 813 1 1174:64
814 40892.05 1 814 1 89:64
815 40945.65 1 815 1 1493:64
816 41017.93 1 816 1 134:64
817 41130.52 1 817 1 1557:64
818 41236.92 1 818 1 416:64
819 41250.43 1 819 1 95:64
820 41271.96 1 820 1 1366:64
821 41490.09 1 821 1 557:64
822 41502.07 1 822 1 1930:64
823 41590.71 1 823 1 633:64
824 41617.39 1 824 1 1830:64
825 41626.66 1 825 1 1606:64
826 41697.02 1 826 1 971:64
827 41770.58 1 827 1 775:64
828 41793.01 1 828 1 241:64
829 41806.02 1 829 1 662:64
830 41827.85 1 830 1 1010:64
831 41876.21 1 831 1 767:64
832 41924.42 1 832 1 863:64
833 41958.46 1 833 1 1326:64
834 41995.02 1 834 1 1770:64
835 42009.36 1 835 1 578:64
836 42063.86 1 836 1 745:64
837 42126.98 1 837 1 1809:64
838 42213.82 1 838 1 1466:64
839 42221.35 1 839 1 1317:64
840 42268.84 1 840 1 768:64
841 42384.73 1 841 1 1008:64
842 42556.75 1 842 1 1537:64
843 42592.21 1 843 1 978:64
844 42661.89 1 844 1 187:64
845 42776.12 1 845 1 947:64
846 42815.49 1 846 1 1843:64
847 42857.76 1 847 1 452:64
848 42947.45 1 848 1 53:64
849 42981.46 1 849 1 1940:64
850 43034.9 1 850 1 115:64
851 43052.48 1 851 1 1885:64
852 43114.53 1 852 1 833:64
853 43186.72 1 853 1 412:64
854 43226.32 1 854 1 668:64
855 43300.26 1 855 1 1551:64
856 43422.69 1 856 1 1519:64
857 43432.52 1 857 1 2029:64
858 43481.12 1 858 1 569:64
859 43505.74 1 859 1 167:64
860 43546.0 1 860 1 1512:64
861 43587.69 1 861 1 743:64
862 43742.09 1 862 1 891:64
863 43749.75 1 863 1 1092:64
864 43754.77 1 864 1 591:64
865 43837.19 1 865 1 981:64
866 43911.5 1 866 1 1580:64
867 43947.93 1 867 1 887:64
868 43955.09 1 868 1 1981:64
869 44029.2 1 869 1 576:64
870 44076.04 1 870 1 1282:64
871 44194.0 1 871 1 328:64
872 44290.53 1 872 1 1304:64
873 44293.72 1 873 1 1516:64
874 44352.58 1 874 1 1722:64
875 44424.25 1 875 1 1531:64
876 44444.36 1 876 1 512:64
877 44556.2 1 877 1 1626:64
878 44562.2 1 878 1 300:64
879 44643.92 1 879 1 1663:64
880 44682.7 1 880 1 160:64
881 44700.18 1 881 1 975:64
882 44758.24 1 882 1 1405:64
883 44813.06 1 883 1 2016:64
884 44860.61 1 884 1 746:64
885 44890.75 1 885 1 1633:64
886 44991.41 1 886 1 773:64
887 44998.3 1 887 1 283:64
888 45017.95 1 888 1 358:64
889 45033.37 1 889 1 800:64
890 45222.48 1 890 1 1202:64
891 45256.14 1 891 1 1582:64
892 45291.53 1 892 1 822:64
893 45329.16 1 893 1 1807:64
894 45477.91 1 894 1 30:64
895 45603.02 1 895 1 726:64
896 45699.97 1 896 1 897:64
897 45734.83 1 897 1 1738:64
898 45785.12 1 898 1 1524:64
899 45809.0 1 899 1 1724:64
900 45840.47 1 900 1 958:64
901 45881.84 1 901 1 1335:64
902 45942.76 1 902 1 1700:64
903 46001.79 1 903 1 395:64
904 46054.63 1 904 1 964:64
905 46061.07 1 905 1 1173:64
906 46164.24 1 906 1 40:64
907 46171.06 1 907 1 645:64
908 46177.85 1 908 1 1314:64
909 46180.91 1 909 1 548:64
910 46258.71 1 910 1 1529:64
911 46296.49 1 911 1 1141:64
912 46498.87 1 912 1 581:64
913 46562.2 1 913 1 937:64
914 46620.92 1 914 1 415:64
915 46625.09 1 915 1 429:64
916 46732.96 1 916 1 781:64
917 46741.77 1 917 1 1895:64
918 46805.9 1 918 1 1992:64
919 46895.99 1 919 1 1672:64
920 46943.15 1 920 1 902:64
921 46968.47 1 921 1 1238:64
922 47017.86 1 922 1 661:64
923 47060.09 1 923 1 1386:64
924 47150.81 1 924 1 1563:64
925 47151.04 1 925 1 1660:64
926 47176.58 1 926 1 1946:64
927 47186.31 1 927 1 1561:64
928 47201.36 1 928 1 1570:64
929 47207.29 1 929 1 321:64
930 47287.21 1 930 1 864:64
931 47344.88 1 931 1 1567:64
932 47362.89 1 932 1 128:64
933 47496.88 1 933 1 1684:64
934 47622.64 1 934 1 1949:64
935 47626.82 1 935 1 968:64
936 47764.78 1 936 1 447:64
937 47897.61 1 937 1 228:64
938 47904.76 1 938 1 689:64
939 47984.93 1 939 1 524:64
940 48032.47 1 940 1 1063:64
941 48061.67 1 941 1 1104:64
942 48173.66 1 942 1 705:64
943 48233.45 1 943 1 500:64
944 48274.74 1 944 1 461:64
945 48278.68 1 945 1 870:64
946 48398.57 1 946 1 1489:64
947 48423.22 1 947 1 720:64
948 48473.59 1 948 1 1654:64
949 48483.44 1 949 1 387:64
950 48489.03 1 950 1 1871:64
951 48521.89 1 951 1 660:64
952 48639.15 1 952 1 1993:64
953 48845.99 1 953 1 1968:64
954 48895.27 1 954 1 194:64
955 48897.87 1 955 1 1245:64
956 48911.31 1 956 1 2015:64
957 48932.81 1 957 1 195:64
958 48933.7 1 958 1 1508:64
959 48950.39 1 959 1 1199:64
960 48965.6 1 960 1 1963:64
961 49015.49 1 961 1 1664:64
962 49109.09 1 962 1 1735:64
963 49164.92 1 963 1 270:64
964 49245.53 1 964 1 1310:64
965 49346.16 1 965 1 997:64
966 49360.89 1 966 1 288:64
967 49379.92 1 967 1 480:64
968 49395.87 1 968 1 944:64
969 49417.0 1 969 1 263:64
970 49509.4 1 970 1 29:64
971 49563.83 1 971 1 1954:64
972 49585.48 1 972 1 2047:64
973 49636.42 1 973 1 1227:64
974 49647.73 1 974 1 196:64
975 49665.34 1 975 1 926:64
976 49699.78 1 976 1 1951:64
977 49707.83 1 977 1 1068:64
978 49742.75 1 978 1 1650:64
979 49911.82 1 979 1 860:64
980 49974.69 1 980 1 653:64
981 49987.18 1 981 1 1166:64
982 50035.13 1 982 1 1449:64
983 50040.83 1 983 1 761:64
984 50069.6 1 984 1 124:64
985 50075.22 1 985 1 709:64
986 50087.62 1 986 1 182:64
987 50187.63 1 987 1 1499:64
988 50229.51 1 988 1 1615:64
989 50242.36 1 989 1 1157:64
990 50433.78 1 990 1 462:64
991 50566.56 1 991 1 973:64
992 50621.27 1 992 1 1413:64
993 50688.41 1 993 1 1802:64
994 50788.25 1 994 1 790:64
995 50793.36 1 995 1 1882:64
996 50916.8 1 996 1 232:64
997 50959.34 1 997 1 1095:64
998 50992.24 1 998 1 1601:64
999 51025.69 1 999 1 1130:64
1000 51036.65 1 1000 1 1471:64
1001 51061.68 1 1001 1 1118:64
1002 51079.53 1 1002 1 1886:64
1003 51083.71 1 1003 1 1028:64
1004 51109.72 1 1004 1 1229:64
1005 51131.2 1 1005 1 1921:64
1006 51242.85 1 1006 1 460:64
1007 51297.9 1 1007 1 874:64
1008 51306.56 1 1008 1 778:64
1009 51423.64 1 1009 1 613:64
1010 51531.34 1 1010 1 343:64
1011 51533.56 1 1011 1 1474:64
1012 51557.54 1 1012 1 758:64
1013 51609.21 1 1013 1 445:64
1014 51619.93 1 1014 1 1815:64
1015 51656.12 1 1015 1 1403:64
1016 51777.84 1 1016 1 769:64
1017 51882.36 1 1017 1 1578:64
1018 51978.61 1 1018 1 1984:64
1019 52045.11 1 1019 1 340:64
1020 52062.65 1 1020 1 1181:64
1021 52171.87 1 1021 1 309:64
1022 52247.53 1 1022 1 1103:64
1023 52272.3 1 1023 1 1176:64
1024 52411.76 1 1024 1 335:64
1025 52515.02 1 1025 1 671:64
1026 52578.52 1 1026 1 346:64
1027 52584.26 1 1027 1 1638:64
1028 52674.07 1 1028 1 1408:64
1029 52685.41 1 1029 1 988:64
1030 52734.88 1 1030 1 533:64
1031 52764.92 1 1031 1 579:64
1032 52855.74 1 1032 1 786:64
1033 52867.52 1 1033 1 1798:64
1034 52911.89 1 1034 1 1460:64
1035 52953.59 1 1035 1 1996:64
1036 53108.78 1 1036 1 50:64
1037 53129.35 1 1037 1 638:64
1038 53158.3 1 1038 1 1191:64
1039 53182.61 1 1039 1 1822:64
1040 53231.17 1 1040 1 1342:64
1041 53284.04 1 1041 1 741:64
1042 53295.27 1 1042 1 752:64
1043 53338.33 1 1043 1 718:64
1044 53409.16 1 1044 1 1581:64
1045 53433.06 1 1045 1 325:64
1046 53654.74 1 1046 1 954:64
1047 53684.49 1 1047 1 940:64
1048 53686.24 1 1048 1 1171:64
1049 53722.32 1 1049 1 1705:64
1050 53880.99 1 1050 1 872:64
1051 53989.93 1 1051 1 1960:64
1052 54008.63 1 1052 1 1096:64
1053 54023.94 1 1053 1 1622:64
1054 54029.53 1 1054 1 2024:64
1055 54040.79 1 1055 1 1732:64
1056 54169.82 1 1056 1 268:64
1057 54207.88 1 1057 1 388:64
1058 54227.72 1 1058 1 1872:64
1059 54258.71 1 1059 1 1364:64
1060 54274.94 1 1060 1 1311:64
1061 54289.69 1 1061 1 2039:64
1062 54290.49 1 1062 1 704:64
1063 54293.51 1 1063 1 271:64
1064 54321.53 1 1064 1 1116:64
1065 54335.39 1 1065 1 869:64
1066 54349.4 1 1066 1 708:64
1067 54376.75 1 1067 1 580:64
1068 54380.27 1 1068 1 827:64
1069 54444.22 1 1069 1 774:64
1070 54501.47 1 1070 1 106:64
1071 54510.79 1 1071 1 1863:64
1072 54512.53 1 1072 1 1734:64
1073 54528.05 1 1073 1 2007:64
1074 54597.84 1 1074 1 1766:64
1075 54631.65 1 1075 1 567:64
1076 54763.89 1 1076 1 1796:64
1077 54765.9 1 1077 1 1323:64
1078 54785.36 1 1078 1 1030:64
1079 54865.84 1 1079 1 1219:64
1080 54993.44 1 1080 1 715:64
1081 55008.42 1 1081 1 1846:64
1082 55061.8 1 1082 1 1853:64
1083 55201.89 1 1083 1 1791:64
1084 55205.93 1 1084 1 291:64
1085 55219.54 1 1085 1 1390:64
1086 55233.96 1 1086 1 2:64
1087 55406.32 1 1087 1 1354:64
1088 55411.31 1 1088 1 679:64
1089 55511.07 1 1089 1 1190:64
1090 55538.48 1 1090 1 658:64
1091 55607.7 1 1091 1 1022:64
1092 55781.79 1 1092 1 54:64
1093 55786.95 1 1093 1 957:64
1094 55811.63 1 1094 1 1741:64
1095 55821.09 1 1095 1 1237:64
1096 55821.67 1 1096 1 2000:64
1097 55828.55 1 1097 1 1136:64
1098 55832.97 1 1098 1 1689:64
1099 55947.19 1 1099 1 1891:64
1100 55980.57 1 1100 1 1834:64
1101 56190.27 1 1101 1 1486:64
1102 56229.71 1 1102 1 1630:64
1103 56244.76 1 1103 1 1514:64
1104 56259.08 1 1104 1 925:64
1105 56273.41 1 1105 1 256:64
1106 56383.43 1 1106 1 541:64
1107 56412.0 1 1107 1 667:64
1108 56416.85 1 1108 1 203:64
1109 56419.52 1 1109 1 151:64
1110 56554.05 1 1110 1 1259:64
1111 56590.8 1 1111 1 1540:64
1112 56623.41 1 1112 1 1328:64
1113 56667.83 1 1113 1 354:64
1114 56786.83 1 1114 1 1275:64
1115 56953.75 1 1115 1 1577:64
1116 56981.71 1 1116 1 327:64
1117 57099.84 1 1117 1 1291:64
1118 57180.77 1 1118 1 193:64
1119 57319.39 1 1119 1 561:64
1120 57410.94 1 1120 1 318:64
1121 57462.59 1 1121 1 1262:64
1122 57499.31 1 1122 1 545:64
1123 57565.65 1 1123 1 1647:64
1124 57658.69 1 1124 1 320:64
1125 57664.59 1 1125 1 301:64
1126 57703.45 1 1126 1 1254:64
1127 57760.73 1 1127 1 293:64
1128 57782.87 1 1128 1 1461:64
1129 57783.55 1 1129 1 1736:64
1130 57795.58 1 1130 1 1999:64
1131 57875.97 1 1131 1 829:64
1132 57910.62 1 1132 1 1714:64
1133 57984.55 1 1133 1 1247:64
1134 58089.35 1 1134 1 1266:64
1135 58116.14 1 1135 1 716:64
1136 58163.67 1 1136 1 1372:64
1137 58182.17 1 1137 1 1894:64
1138 58205.58 1 1138 1 374:64
1139 58215.77 1 1139 1 257:64
1140 58216.29 1 1140 1 1070:64
1141 58226.05 1 1141 1 899:64
1142 58227.68 1 1142 1 322:64
1143 58302.65 1 1143 1 456:64
1144 58334.39 1 1144 1 619:64
1145 58364.1 1 1145 1 1687:64
1146 58367.8 1 1146 1 1870:64
1147 58460.6 1 1147 1 1089:64
1148 58473.26 1 1148 1 1613:64
1149 58512.25 1 1149 1 1003:64
1150 58543.84 1 1150 1 113:64
1151 58624.73 1 1151 1 850:64
1152 58656.16 1 1152 1 1556:64
1153 58737.63 1 1153 1 1344:64
1154 58760.82 1 1154 1 497:64
1155 58776.36 1 1155 1 1707:64
1156 58781.21 1 1156 1 782:64
1157 58855.79 1 1157 1 417:64
1158 58878.14 1 1158 1 1772:64
1159 58882.5 1 1159 1 1848:64
1160 58946.42 1 1160 1 811:64
1161 59037.32 1 1161 1 771:64
1162 59098.56 1 1162 1 949:64
1163 59149.57 1 1163 1 436:64
1164 59199.5 1 1164 1 1771:64
1165 59270.21 1 1165 1 877:64
1166 59344.68 1 1166 1 1576:64
1167 59351.74 1 1167 1 1666:64
1168 59430.62 1 1168 1 1651:64
1169 59518.23 1 1169 1 819:64
1170 59588.37 1 1170 1 1102:64
1171 59606.27 1 1171 1 558:64
1172 59650.2 1 1172 1 250:64
1173 59656.52 1 1173 1 14:64
1174 59660.74 1 1174 1 51:64
1175 59666.1 1 1175 1 199:64
1176 59688.52 1 1176 1 1749:64
1177 59732.51 1 1177 1 1414:64
1178 59769.48 1 1178 1 1523:64
1179 59805.02 1 1179 1 81:64
1180 59929.88 1 1180 1 793:64
1181 59955.57 1 1181 1 1260:64
1182 60005.26 1 1182 1 1835:64
1183 60036.91 1 1183 1 1170:64
1184 60049.7 1 1184 1 35:64
1185 60202.58 1 1185 1 1178:64
1186 60272.69 1 1186 1 1758:64
1187 60299.31 1 1187 1 955:64
1188 60334.09 1 1188 1 1391:64
1189 60335.06 1 1189 1 552:64
1190 60345.8 1 1190 1 507:64
1191 60348.79 1 1191 1 2003:64
1192 60501.99 1 1192 1 685:64
1193 60555.61 1 1193 1 609:64
1194 60572.14 1 1194 1 603:64
1195 60584.78 1 1195 1 104:64
1196 60601.88 1 1196 1 849:64
1197 60659.18 1 1197 1 1059:64
1198 60706.2 1 1198 1 825:64
1199 60711.13 1 1199 1 1183:64
1200 60760.12 1 1200 1 1619:64
1201 60779.92 1 1201 1 1192:64
1202 60796.76 1 1202 1 440:64
1203 60920.2 1 1203 1 1642:64
1204 60941.74 1 1204 1 501:64
1205 60960.67 1 1205 1 1865:64
1206 61163.94 1 1206 1 1884:64
1207 61327.73 1 1207 1 696:64
1208 61459.35 1 1208 1 107:64
1209 61471.5 1 1209 1 183:64
1210 61597.71 1 1210 1 1299:64
1211 61615.47 1 1211 1 450:64
1212 61629.38 1 1212 1 62:64
1213 61659.24 1 1213 1 1120:64
1214 61750.4 1 1214 1 651:64
1215 61764.61 1 1215 1 1609:64
1216 61784.2 1 1216 1 1661:64
1217 61797.96 1 1217 1 785:64
1218 61813.4 1 1218 1 522:64
1219 61935.39 1 1219 1 1248:64
1220 61950.73 1 1220 1 400:64
1221 62034.48 1 1221 1 873:64
1222 62054.5 1 1222 1 1971:64
1223 62138.3 1 1223 1 1825:64
1224 62139.26 1 1224 1 1250:64
1225 62191.69 1 1225 1 1708:64
1226 62377.45 1 1226 1 814:64
1227 62377.61 1 1227 1 1521:64
1228 62431.61 1 1228 1 564:64
1229 62449.98 1 1229 1 244:64
1230 62457.49 1 1230 1 1840:64
1231 62558.42 1 1231 1 1138:64
1232 62683.19 1 1232 1 1860:64
1233 62752.96 1 1233 1 150:64
1234 62820.26 1 1234 1 942:64
1235 62843.42 1 1235 1 1207:64
1236 62895.15 1 1236 1 438:64
1237 62949.22 1 1237 1 1235:64
1238 62970.85 1 1238 1 674:64
1239 62973.72 1 1239 1 147:64
1240 63027.61 1 1240 1 1780:64
1241 63077.78 1 1241 1 1429:64
1242 63162.85 1 1242 1 1967:64
1243 63263.47 1 1243 1 1443:64
1244 63264.19 1 1244 1 765:64
1245 63300.23 1 1245 1 729:64
1246 63358.25 1 1246 1 1608:64
1247 63445.37 1 1247 1 1037:64
1248 63571.07 1 1248 1 1972:64
1249 63574.25 1 1249 1 970:64
1250 63575.45 1 1250 1 1159:64
1251 63714.78 1 1251 1 1083:64
1252 63729.68 1 1252 1 214:64
1253 64009.37 1 1253 1 1845:64
1254 64059.52 1 1254 1 936:64
1255 64103.98 1 1255 1 474:64
1256 64152.86 1 1256 1 895:64
1257 64164.83 1 1257 1 1434:64
1258 64226.53 1 1258 1 1690:64
1259 64249.41 1 1259 1 977:64
1260 64349.15 1 1260 1 1538:64
1261 64383.07 1 1261 1 1792:64
1262 64424.64 1 1262 1 1479:64
1263 64549.81 1 1263 1 749:64
1264 64584.07 1 1264 1 783:64
1265 64659.92 1 1265 1 650:64
1266 64712.03 1 1266 1 69:64
1267 64713.04 1 1267 1 1831:64
1268 64743.84 1 1268 1 1078:64
1269 64967.32 1 1269 1 629:64
1270 64977.65 1 1270 1 1047:64
1271 64984.87 1 1271 1 235:64
1272 64987.91 1 1272 1 1936:64
1273 65059.91 1 1273 1 380:64
1274 65062.77 1 1274 1 577:64
1275 65095.66 1 1275 1 595:64
1276 65106.22 1 1276 1 1411:64
1277 65120.48 1 1277 1 532:64
1278 65157.71 1 1278 1 1454:64
1279 65211.61 1 1279 1 1065:64
1280 65254.59 1 1280 1 376:64
1281 65277.42 1 1281 1 47:64
1282 65298.37 1 1282 1 1370:64
1283 65305.32 1 1283 1 156:64
1284 65358.2 1 1284 1 1624:64
1285 65392.98 1 1285 1 817:64
1286 65682.08 1 1286 1 485:64
1287 65787.64 1 1287 1 868:64
1288 65850.31 1 1288 1 1100:64
1289 65932.7 1 1289 1 813:64
1290 66087.85 1 1290 1 280:64
1291 66091.41 1 1291 1 97:64
1292 66123.85 1 1292 1 455:64
1293 66136.8 1 1293 1 176:64
1294 66192.44 1 1294 1 1965:64
1295 66231.2 1 1295 1 28:64
1296 66237.42 1 1296 1 1851:64
1297 66276.74 1 1297 1 1546:64
1298 66376.08 1 1298 1 2020:64
1299 66467.76 1 1299 1 943:64
1300 66482.1 1 1300 1 99:64
1301 66535.79 1 1301 1 3:64
1302 66544.53 1 1302 1 1206:64
1303 66554.76 1 1303 1 1303:64
1304 66594.91 1 1304 1 1896:64
1305 66614.54 1 1305 1 1270:64
1306 66708.21 1 1306 1 517:64
1307 66743.41 1 1307 1 1061:64
1308 66852.73 1 1308 1 1799:64
1309 66925.54 1 1309 1 201:64
1310 66945.32 1 1310 1 946:64
1311 66956.31 1 1311 1 867:64
1312 67060.96 1 1312 1 1313:64
1313 67082.68 1 1313 1 1185:64
1314 67215.26 1 1314 1 441:64
1315 67248.34 1 1315 1 738:64
1316 67288.2 1 1316 1 1817:64
1317 67289.96 1 1317 1 641:64
1318 67302.01 1 1318 1 304:64
1319 67366.81 1 1319 1 693:64
1320 67448.96 1 1320 1 1696:64
1321 67460.8 1 1321 1 984:64
1322 67608.64 1 1322 1 108:64
1323 67630.63 1 1323 1 1794:64
1324 67680.63 1 1324 1 1223:64
1325 67774.65 1 1325 1 1289:64
1326 67850.54 1 1326 1 1879:64
1327 67862.3 1 1327 1 1510:64
1328 67970.56 1 1328 1 1232:64
1329 67976.61 1 1329 1 281:64
1330 67983.68 1 1330 1 273:64
1331 68054.19 1 1331 1 1218:64
1332 68056.88 1 1332 1 12:64
1333 68133.08 1 1333 1 1368:64
1334 68144.44 1 1334 1 1934:64
1335 68147.9 1 1335 1 1222:64
1336 68309.21 1 1336 1 1306:64
1337 68338.78 1 1337 1 989:64
1338 68493.81 1 1338 1 622:64
1339 68559.04 1 1339 1 1468:64
1340 68630.87 1 1340 1 492:64
1341 68659.57 1 1341 1 1406:64
1342 68754.67 1 1342 1 1410:64
1343 68783.31 1 1343 1 404:64
1344 68817.33 1 1344 1 626:64
1345 69067.3 1 1345 1 478:64
1346 69098.64 1 1346 1 55:64
1347 69115.88 1 1347 1 772:64
1348 69179.29 1 1348 1 834:64
1349 69195.24 1 1349 1 1555:64
1350 69203.98 1 1350 1 652:64
1351 69217.73 1 1351 1 830:64
1352 69355.12 1 1352 1 1169:64
1353 69365.65 1 1353 1 606:64
1354 69398.61 1 1354 1 9:64
1355 69415.32 1 1355 1 1355:64
1356 69439.8 1 1356 1 42:64
1357 69587.66 1 1357 1 1201:64
1358 69588.6 1 1358 1 1123:64
1359 69598.47 1 1359 1 1212:64
1360 69609.26 1 1360 1 1436:64
1361 69660.46 1 1361 1 972:64
1362 69800.86 1 1362 1 356:64
1363 69802.76 1 1363 1 612:64
1364 69826.56 1 1364 1 329:64
1365 69839.15 1 1365 1 1513:64
1366 69861.56 1 1366 1 1655:64
1367 69927.77 1 1367 1 1864:64
1368 69939.92 1 1368 1 1838:64
1369 69962.77 1 1369 1 599:64
1370 70025.25 1 1370 1 1484:64
1371 70057.31 1 1371 1 1574:64
1372 70121.31 1 1372 1 1375:64
1373 70131.07 1 1373 1 1721:64
1374 70159.78 1 1374 1 1182:64
1375 70244.63 1 1375 1 1433:64
1376 70318.57 1 1376 1 862:64
1377 70340.39 1 1377 1 1473:64
1378 70344.77 1 1378 1 1290:64
1379 70371.6 1 1379 1 1280:64
1380 70427.67 1 1380 1 1628:64
1381 70441.23 1 1381 1 1472:64
1382 70453.0 1 1382 1 323:64
1383 70479.66 1 1383 1 2025:64
1384 70528.25 1 1384 1 85:64
1385 70552.29 1 1385 1 15:64
1386 70610.35 1 1386 1 1931:64
1387 70635.17 1 1387 1 202:64
1388 70706.03 1 1388 1 1893:64
1389 70746.81 1 1389 1 1244:64
1390 70890.05 1 1390 1 594:64
1391 70958.17 1 1391 1 1916:64
1392 70973.44 1 1392 1 1020:64
1393 71005.66 1 1393 1 1080:64
1394 71031.8 1 1394 1 1669:64
1395 71040.12 1 1395 1 688:64
1396 71093.89 1 1396 1 217:64
1397 71096.77 1 1397 1 39:64
1398 71102.21 1 1398 1 1099:64
1399 71134.14 1 1399 1 1253:64
1400 71165.18 1 1400 1 306:64
1401 71174.44 1 1401 1 277:64
1402 71229.36 1 1402 1 1271:64
1403 71313.33 1 1403 1 607:64
1404 71332.19 1 1404 1 1101:64
1405 71333.32 1 1405 1 539:64
1406 71346.97 1 1406 1 402:64
1407 71361.26 1 1407 1 494:64
1408 71374.93 1 1408 1 410:64
1409 71481.68 1 1409 1 687:64
1410 71522.73 1 1410 1 683:64
1411 71647.46 1 1411 1 1431:64
1412 71669.49 1 1412 1 248:64
1413 71682.76 1 1413 1 798:64
1414 71703.03 1 1414 1 948:64
1415 71704.97 1 1415 1 851:64
1416 71811.68 1 1416 1 360:64
1417 71865.83 1 1417 1 1688:64
1418 71886.84 1 1418 1 1420:64
1419 71951.27 1 1419 1 1437:64
1420 71972.72 1 1420 1 950:64
1421 72031.91 1 1421 1 2041:64
1422 72107.04 1 1422 1 1478:64
1423 72168.04 1 1423 1 983:64
1424 72205.48 1 1424 1 1193:64
1425 72264.87 1 1425 1 186:64
1426 72379.01 1 1426 1 1387:64
1427 72428.77 1 1427 1 1903:64
1428 72445.6 1 1428 1 523:64
1429 72454.55 1 1429 1 1494:64
1430 72491.95 1 1430 1 247:64
1431 72509.62 1 1431 1 1456:64
1432 72515.35 1 1432 1 278:64
1433 72585.7 1 1433 1 1228:64
1434 72650.16 1 1434 1 1145:64
1435 72885.23 1 1435 1 632:64
1436 72910.97 1 1436 1 1675:64
1437 72997.7 1 1437 1 1111:64
1438 73074.39 1 1438 1 544:64
1439 73075.03 1 1439 1 1595:64
1440 73132.69 1 1440 1 1463:64
1441 73215.72 1 1441 1 1553:64
1442 73228.51 1 1442 1 857:64
1443 73256.95 1 1443 1 1783:64
1444 73268.94 1 1444 1 565:64
1445 73286.69 1 1445 1 1701:64
1446 73396.71 1 1446 1 721:64
1447 73406.25 1 1447 1 275:64
1448 73423.1 1 1448 1 994:64
1449 73497.18 1 1449 1 1653:64
1450 73528.34 1 1450 1 381:64
1451 73581.88 1 1451 1 1419:64
1452 73605.13 1 1452 1 486:64
1453 73622.69 1 1453 1 1057:64
1454 73688.25 1 1454 1 1566:64
1455 73705.72 1 1455 1 804:64
1456 73783.1 1 1456 1 1234:64
1457 73818.12 1 1457 1 1593:64
1458 73833.54 1 1458 1 1950:64
1459 73918.46 1 1459 1 1648:64
1460 73972.31 1 1460 1 316:64
1461 74063.39 1 1461 1 119:64
1462 74087.99 1 1462 1 1777:64
1463 74094.03 1 1463 1 1542:64
1464 74152.91 1 1464 1 1002:64
1465 74178.54 1 1465 1 1767:64
1466 74257.89 1 1466 1 142:64
1467 74344.51 1 1467 1 1133:64
1468 74410.33 1 1468 1 740:64
1469 74421.66 1 1469 1 1800:64
1470 74442.54 1 1470 1 1558:64
1471 74496.92 1 1471 1 1584:64
1472 74517.82 1 1472 1 556:64
1473 74561.98 1 1473 1 846:64
1474 74597.89 1 1474 1 1964:64
1475 74718.14 1 1475 1 132:64
1476 74745.78 1 1476 1 1905:64
1477 74918.11 1 1477 1 10:64
1478 74953.73 1 1478 1 1883:64
1479 74954.33 1 1479 1 1935:64
1480 75055.47 1 1480 1 1158:64
1481 75079.61 1 1481 1 1286:64
1482 75176.9 1 1482 1 282:64
1483 75186.65 1 1483 1 1594:64
1484 75228.78 1 1484 1 1362:64
1485 75262.75 1 1485 1 116:64
1486 75307.18 1 1486 1 117:64
1487 75315.14 1 1487 1 58:64
1488 75470.65 1 1488 1 1644:64
1489 75537.37 1 1489 1 1876:64
1490 75591.6 1 1490 1 1545:64
1491 75603.87 1 1491 1 1750:64
1492 75617.02 1 1492 1 1350:64
1493 75641.77 1 1493 1 2009:64
1494 75643.53 1 1494 1 1053:64
1495 75753.68 1 1495 1 953:64
1496 75789.62 1 1496 1 266:64
1497 75789.66 1 1497 1 369:64
1498 75808.81 1 1498 1 1160:64
1499 75811.65 1 1499 1 1352:64
1500 75852.96 1 1500 1 1911:64
1501 75920.87 1 1501 1 1875:64
1502 75944.57 1 1502 1 1610:64
1503 75990.99 1 1503 1 22:64
1504 76015.35 1 1504 1 1293:64
1505 76050.26 1 1505 1 747:64
1506 76099.69 1 1506 1 684:64
1507 76138.13 1 1507 1 1488:64
1508 76217.83 1 1508 1 560:64
1509 76221.35 1 1509 1 722:64
1510 76276.27 1 1510 1 824:64
1511 76279.87 1 1511 1 1810:64
1512 76357.35 1 1512 1 527:64
1513 76415.41 1 1513 1 967:64
1514 76477.78 1 1514 1 601:64
1515 76511.96 1 1515 1 1294:64
1516 76535.19 1 1516 1 1839:64
1517 76604.12 1 1517 1 1265:64
1518 76613.69 1 1518 1 136:64
1519 76622.67 1 1519 1 1086:64
1520 76629.23 1 1520 1 1134:64
1521 76638.1 1 1521 1 1744:64
1522 76807.55 1 1522 1 1315:64
1523 76845.29 1 1523 1 94:64
1524 76940.22 1 1524 1 7:64
1525 77000.97 1 1525 1 1360:64
1526 77241.82 1 1526 1 1681:64
1527 77343.5 1 1527 1 1961:64
1528 77361.5 1 1528 1 111:64
1529 77436.93 1 1529 1 91:64
1530 77638.17 1 1530 1 694:64
1531 77783.71 1 1531 1 865:64
1532 77790.51 1 1532 1 448:64
1533 77850.87 1 1533 1 1052:64
1534 77896.56 1 1534 1 1765:64
1535 78039.91 1 1535 1 1504:64
1536 78117.94 1 1536 1 2037:64
1537 78251.92 1 1537 1 1745:64
1538 78258.51 1 1538 1 1837:64
1539 78282.35 1 1539 1 644:64
1540 78337.44 1 1540 1 1240:64
1541 78347.66 1 1541 1 1167:64
1542 78470.66 1 1542 1 1113:64
1543 78487.19 1 1543 1 1978:64
1544 78502.63 1 1544 1 1751:64
1545 78508.47 1 1545 1 180:64
1546 78602.73 1 1546 1 272:64
1547 78616.25 1 1547 1 378:64
1548 78675.12 1 1548 1 1673:64
1549 78860.31 1 1549 1 34:64
1550 78902.94 1 1550 1 215:64
1551 78962.39 1 1551 1 1985:64
1552 78986.88 1 1552 1 1715:64
1553 79036.97 1 1553 1 420:64
1554 79043.14 1 1554 1 1046:64
1555 79085.58 1 1555 1 666:64
1556 79170.47 1 1556 1 1541:64
1557 79239.8 1 1557 1 1324:64
1558 79273.98 1 1558 1 1239:64
1559 79345.22 1 1559 1 1459:64
1560 79451.78 1 1560 1 1093:64
1561 79482.32 1 1561 1 333:64
1562 79518.4 1 1562 1 379:64
1563 79521.77 1 1563 1 439:64
1564 79577.32 1 1564 1 789:64
1565 79634.5 1 1565 1 1079:64
1566 79643.12 1 1566 1 1339:64
1567 79704.01 1 1567 1 1453:64
1568 79704.07 1 1568 1 980:64
1569 79765.36 1 1569 1 261:64
1570 79781.62 1 1570 1 1816:64
1571 79799.72 1 1571 1 2043:64
1572 79922.44 1 1572 1 508:64
1573 79964.35 1 1573 1 2011:64
1574 80032.98 1 1574 1 547:64
1575 80042.64 1 1575 1 27:64
1576 80107.6 1 1576 1 918:64
1577 80279.39 1 1577 1 139:64
1578 80390.21 1 1578 1 279:64
1579 80485.5 1 1579 1 1902:64
1580 80502.0 1 1580 1 1298:64
1581 80532.57 1 1581 1 562:64
1582 80533.56 1 1582 1 1945:64
1583 80579.02 1 1583 1 240:64
1584 80608.14 1 1584 1 914:64
1585 80650.21 1 1585 1 83:64
1586 80766.36 1 1586 1 386:64
1587 80809.8 1 1587 1 459:64
1588 80886.91 1 1588 1 1424:64
1589 80897.78 1 1589 1 546:64
1590 81082.91 1 1590 1 149:64
1591 81142.76 1 1591 1 703:64
1592 81157.15 1 1592 1 1246:64
1593 81236.42 1 1593 1 538:64
1594 81340.9 1 1594 1 904:64
1595 81418.25 1 1595 1 1267:64
1596 81491.1 1 1596 1 631:64
1597 81573.69 1 1597 1 63:64
1598 81681.45 1 1598 1 2042:64
1599 81755.62 1 1599 1 245:64
1600 81771.92 1 1600 1 841:64
1601 81777.81 1 1601 1 1388:64
1602 81780.49 1 1602 1 929:64
1603 81818.55 1 1603 1 1737:64
1604 81959.87 1 1604 1 682:64
1605 82023.46 1 1605 1 1040:64
1606 82089.14 1 1606 1 1358:64
1607 82149.9 1 1607 1 1866:64
1608 82172.49 1 1608 1 425:64
1609 82188.93 1 1609 1 1268:64
1610 82239.58 1 1610 1 1345:64
1611 82257.3 1 1611 1 828:64
1612 82294.95 1 1612 1 477:64
1613 82350.05 1 1613 1 75:64
1614 82364.47 1 1614 1 505:64
1615 82372.8 1 1615 1 1214:64
1616 82489.59 1 1616 1 835:64
1617 82553.84 1 1617 1 5:64
1618 82809.08 1 1618 1 223:64
1619 82817.36 1 1619 1 73:64
1620 82844.46 1 1620 1 1657:64
1621 82855.23 1 1621 1 2017:64
1622 82855.93 1 1622 1 1773:64
1623 82888.61 1 1623 1 1589:64
1624 82939.78 1 1624 1 274:64
1625 83004.99 1 1625 1 2032:64
1626 83040.68 1 1626 1 1643:64
1627 83203.47 1 1627 1 433:64
1628 83207.05 1 1628 1 1958:64
1629 83277.43 1 1629 1 1718:64
1630 83278.84 1 1630 1 1155:64
1631 83344.45 1 1631 1 1024:64
1632 83397.64 1 1632 1 401:64
1633 83403.62 1 1633 1 78:64
1634 83417.94 1 1634 1 368:64
1635 83491.79 1 1635 1 1764:64
1636 83518.57 1 1636 1 484:64
1637 83522.01 1 1637 1 1565:64
1638 83532.73 1 1638 1 1302:64
1639 83628.21 1 1639 1 487:64
1640 83655.93 1 1640 1 1283:64
1641 83697.65 1 1641 1 1769:64
1642 83732.88 1 1642 1 1109:64
1643 83807.38 1 1643 1 454:64
1644 83850.42 1 1644 1 298:64
1645 83935.17 1 1645 1 1988:64
1646 83994.01 1 1646 1 1806:64
1647 84024.57 1 1647 1 1959:64
1648 84079.84 1 1648 1 1904:64
1649 84112.0 1 1649 1 13:64
1650 84119.29 1 1650 1 654:64
1651 84122.82 1 1651 1 1407:64
1652 84154.06 1 1652 1 308:64
1653 84186.65 1 1653 1 791:64
1654 84188.84 1 1654 1 1439:64
1655 84207.27 1 1655 1 692:64
1656 84242.44 1 1656 1 1146:64
1657 84259.61 1 1657 1 295:64
1658 84286.71 1 1658 1 1172:64
1659 84333.92 1 1659 1 443:64
1660 84369.63 1 1660 1 1320:64
1661 84491.63 1 1661 1 2044:64
1662 84587.9 1 1662 1 1505:64
1663 84608.46 1 1663 1 16:64
1664 84680.18 1 1664 1 1490:64
1665 84699.64 1 1665 1 92:64
1666 84727.62 1 1666 1 1873:64
1667 84778.3 1 1667 1 931:64
1668 84787.18 1 1668 1 1263:64
1669 84852.61 1 1669 1 1258:64
1670 84899.32 1 1670 1 118:64
1671 84933.98 1 1671 1 105:64
1672 84935.11 1 1672 1 1256:64
1673 85007.77 1 1673 1 1970:64
1674 85043.14 1 1674 1 284:64
1675 85054.52 1 1675 1 945:64
1676 85079.97 1 1676 1 839:64
1677 85122.33 1 1677 1 1161:64
1678 85148.14 1 1678 1 57:64
1679 85151.56 1 1679 1 1019:64
1680 85246.45 1 1680 1 1281:64
1681 85252.97 1 1681 1 583:64
1682 85314.27 1 1682 1 1208:64
1683 85368.54 1 1683 1 222:64
1684 85384.67 1 1684 1 303:64
1685 85512.41 1 1685 1 1597:64
1686 85552.73 1 1686 1 1550:64
1687 85559.22 1 1687 1 475:64
1688 85559.97 1 1688 1 917:64
1689 85618.91 1 1689 1 1502:64
1690 85628.27 1 1690 1 643:64
1691 85639.19 1 1691 1 711:64
1692 85732.41 1 1692 1 742:64
1693 85786.32 1 1693 1 36:64
1694 85807.4 1 1694 1 1150:64
1695 85808.59 1 1695 1 1631:64
1696 85895.65 1 1696 1 1922:64
1697 86021.27 1 1697 1 617:64
1698 86028.26 1 1698 1 154:64
1699 86049.74 1 1699 1 566:64
1700 86051.55 1 1700 1 657:64
1701 86198.31 1 1701 1 788:64
1702 86205.15 1 1702 1 1587:64
1703 86235.29 1 1703 1 600:64
1704 86246.3 1 1704 1 982:64
1705 86277.99 1 1705 1 700:64
1706 86390.02 1 1706 1 238:64
1707 86409.91 1 1707 1 635:64
1708 86474.99 1 1708 1 2008:64
1709 86484.41 1 1709 1 911:64
1710 86569.9 1 1710 1 4:64
1711 86571.6 1 1711 1 1297:64
1712 86598.02 1 1712 1 1062:64
1713 86599.85 1 1713 1 1704:64
1714 86601.55 1 1714 1 141:64
1715 86611.72 1 1715 1 1278:64
1716 86649.67 1 1716 1 1483:64
1717 86659.05 1 1717 1 31:64
1718 86659.75 1 1718 1 162:64
1719 86677.18 1 1719 1 1575:64
1720 86786.35 1 1720 1 472:64
1721 86802.77 1 1721 1 430:64
1722 86849.48 1 1722 1 990:64
1723 86882.82 1 1723 1 1440:64
1724 86930.69 1 1724 1 665:64
1725 86963.5 1 1725 1 1941:64
1726 86992.52 1 1726 1 1522:64
1727 86997.69 1 1727 1 1976:64
1728 87021.5 1 1728 1 534:64
1729 87034.76 1 1729 1 1973:64
1730 87253.42 1 1730 1 520:64
1731 87302.44 1 1731 1 286:64
1732 87390.71 1 1732 1 77:64
1733 87396.61 1 1733 1 1858:64
1734 87496.84 1 1734 1 1467:64
1735 87500.69 1 1735 1 932:64
1736 87502.28 1 1736 1 762:64
1737 87526.3 1 1737 1 25:64
1738 87584.49 1 1738 1 131:64
1739 87622.69 1 1739 1 1506:64
1740 87638.68 1 1740 1 1287:64
1741 87644.6 1 1741 1 893:64
1742 87771.53 1 1742 1 1325:64
1743 88027.83 1 1743 1 1509:64
1744 88102.88 1 1744 1 920:64
1745 88107.42 1 1745 1 2035:64
1746 88146.94 1 1746 1 336:64
1747 88213.0 1 1747 1 1200:64
1748 88217.61 1 1748 1 1733:64
1749 88334.06 1 1749 1 1966:64
1750 88429.61 1 1750 1 71:64
1751 88500.58 1 1751 1 618:64
1752 88512.92 1 1752 1 961:64
1753 88587.98 1 1753 1 1600:64
1754 88614.82 1 1754 1 1500:64
1755 88635.58 1 1755 1 1599:64
1756 88760.46 1 1756 1 1847:64
1757 88764.06 1 1757 1 1105:64
1758 88772.84 1 1758 1 993:64
1759 88887.41 1 1759 1 1969:64
1760 88915.67 1 1760 1 1685:64
1761 88990.76 1 1761 1 61:64
1762 88999.42 1 1762 1 1343:64
1763 89082.51 1 1763 1 290:64
1764 89090.11 1 1764 1 1925:64
1765 89170.28 1 1765 1 1452:64
1766 89189.56 1 1766 1 101:64
1767 89191.92 1 1767 1 1515:64
1768 89252.98 1 1768 1 489:64
1769 89286.45 1 1769 1 1029:64
1770 89292.85 1 1770 1 1832:64
1771 89573.19 1 1771 1 1277:64
1772 89678.45 1 1772 1 587:64
1773 89709.98 1 1773 1 1137:64
1774 89731.31 1 1774 1 1098:64
1775 89759.23 1 1775 1 1060:64
1776 89782.1 1 1776 1 206:64
1777 89790.48 1 1777 1 2045:64
1778 89881.71 1 1778 1 815:64
1779 89943.78 1 1779 1 734:64
1780 89964.29 1 1780 1 584:64
1781 90078.44 1 1781 1 197:64
1782 90158.4 1 1782 1 161:64
1783 90196.12 1 1783 1 1649:64
1784 90217.25 1 1784 1 334:64
1785 90242.57 1 1785 1 515:64
1786 90257.94 1 1786 1 109:64
1787 90321.67 1 1787 1 912:64
1788 90347.32 1 1788 1 1197:64
1789 90391.19 1 1789 1 495:64
1790 90395.05 1 1790 1 451:64
1791 90522.69 1 1791 1 140:64
1792 90618.2 1 1792 1 586:64
1793 90623.69 1 1793 1 1021:64
1794 90757.49 1 1794 1 294:64
1795 90760.99 1 1795 1 573:64
1796 90772.25 1 1796 1 986:64
1797 90807.57 1 1797 1 1547:64
1798 90832.24 1 1798 1 231:64
1799 90834.88 1 1799 1 739:64
1800 90839.16 1 1800 1 698:64
1801 90847.19 1 1801 1 1926:64
1802 90858.86 1 1802 1 442:64
1803 90874.03 1 1803 1 555:64
1804 90967.52 1 1804 1 1892:64
1805 91148.41 1 1805 1 18:64
1806 91166.67 1 1806 1 974:64
1807 91183.54 1 1807 1 916:64
1808 91197.7 1 1808 1 1421:64
1809 91214.08 1 1809 1 1760:64
1810 91272.87 1 1810 1 87:64
1811 91318.2 1 1811 1 1048:64
1812 91337.24 1 1812 1 570:64
1813 91404.67 1 1813 1 2031:64
1814 91435.36 1 1814 1 744:64
1815 91561.26 1 1815 1 2023:64
1816 91564.86 1 1816 1 550:64
1817 91635.21 1 1817 1 269:64
1818 91637.48 1 1818 1 504:64
1819 91695.51 1 1819 1 1288:64
1820 91752.52 1 1820 1 1084:64
1821 91829.35 1 1821 1 1785:64
1822 91833.97 1 1822 1 434:64
1823 92027.01 1 1823 1 2022:64
1824 92091.45 1 1824 1 178:64
1825 92094.57 1 1825 1 226:64
1826 92128.29 1 1826 1 637:64
1827 92171.03 1 1827 1 164:64
1828 92242.35 1 1828 1 1395:64
1829 92293.94 1 1829 1 463:64
1830 92324.46 1 1830 1 664:64
1831 92325.75 1 1831 1 1031:64
1832 92330.61 1 1832 1 1081:64
1833 92367.7 1 1833 1 1726:64
1834 92403.43 1 1834 1 1605:64
1835 92449.69 1 1835 1 297:64
1836 92571.7 1 1836 1 1279:64
1837 92592.49 1 1837 1 1530:64
1838 92616.68 1 1838 1 1187:64
1839 92665.37 1 1839 1 123:64
1840 92701.1 1 1840 1 1296:64
1841 92711.67 1 1841 1 1143:64
1842 92790.61 1 1842 1 1671:64
1843 92800.12 1 1843 1 435:64
1844 92827.74 1 1844 1 1881:64
1845 92836.69 1 1845 1 1409:64
1846 92874.63 1 1846 1 779:64
1847 92918.83 1 1847 1 699:64
1848 92950.78 1 1848 1 563:64
1849 93003.33 1 1849 1 756:64
1850 93005.35 1 1850 1 49:64
1851 93143.93 1 1851 1 1195:64
1852 93175.06 1 1852 1 1446:64
1853 93260.43 1 1853 1 314:64
1854 93354.36 1 1854 1 784:64
1855 93399.42 1 1855 1 1242:64
1856 93436.21 1 1856 1 1917:64
1857 93523.85 1 1857 1 1066:64
1858 93552.53 1 1858 1 1924:64
1859 93554.05 1 1859 1 1812:64
1860 93715.15 1 1860 1 1334:64
1861 93857.28 1 1861 1 135:64
1862 93995.53 1 1862 1 907:64
1863 94056.23 1 1863 1 1569:64
1864 94103.94 1 1864 1 1353:64
1865 94205.77 1 1865 1 553:64
1866 94221.34 1 1866 1 1106:64
1867 94283.84 1 1867 1 818:64
1868 94343.25 1 1868 1 1636:64
1869 94355.85 1 1869 1 1032:64
1870 94360.7 1 1870 1 1525:64
1871 94370.28 1 1871 1 453:64
1872 94374.31 1 1872 1 1107:64
1873 94381.07 1 1873 1 861:64
1874 94476.34 1 1874 1 153:64
1875 94565.86 1 1875 1 1477:64
1876 94611.48 1 1876 1 1441:64
1877 94612.78 1 1877 1 1087:64
1878 94661.42 1 1878 1 427:64
1879 94703.93 1 1879 1 647:64
1880 94725.47 1 1880 1 2006:64
1881 94852.32 1 1881 1 470:64
1882 94973.18 1 1882 1 1571:64
1883 95052.92 1 1883 1 1697:64
1884 95149.7 1 1884 1 855:64
1885 95161.05 1 1885 1 370:64
1886 95184.6 1 1886 1 1640:64
1887 95201.62 1 1887 1 1742:64
1888 95285.18 1 1888 1 1451:64
1889 95326.27 1 1889 1 1418:64
1890 95371.55 1 1890 1 1629:64
1891 95446.8 1 1891 1 1175:64
1892 95464.97 1 1892 1 728:64
1893 95502.14 1 1893 1 1775:64
1894 95508.82 1 1894 1 1572:64
1895 95535.87 1 1895 1 1680:64
1896 95549.94 1 1896 1 1706:64
1897 95637.91 1 1897 1 242:64
1898 95683.74 1 1898 1 748:64
1899 95721.08 1 1899 1 530:64
1900 95884.15 1 1900 1 935:64
1901 95888.67 1 1901 1 1215:64
1902 95939.54 1 1902 1 1585:64
1903 95941.18 1 1903 1 1378:64
1904 96119.75 1 1904 1 648:64
1905 96300.92 1 1905 1 70:64
1906 96419.43 1 1906 1 1430:64
1907 96438.37 1 1907 1 1908:64
1908 96601.19 1 1908 1 882:64
1909 96673.37 1 1909 1 1698:64
1910 96741.3 1 1910 1 1859:64
1911 96745.46 1 1911 1 881:64
1912 96745.63 1 1912 1 408:64
1913 96759.43 1 1913 1 444:64
1914 96803.86 1 1914 1 163:64
1915 96918.58 1 1915 1 1596:64
1916 97038.58 1 1916 1 506:64
1917 97129.69 1 1917 1 1829:64
1918 97232.3 1 1918 1 1450:64
1919 97297.41 1 1919 1 1844:64
1920 97327.63 1 1920 1 1890:64
1921 97329.11 1 1921 1 1027:64
1922 97351.87 1 1922 1 418:64
1923 97402.38 1 1923 1 1496:64
1924 97453.65 1 1924 1 572:64
1925 97556.72 1 1925 1 213:64
1926 97580.77 1 1926 1 571:64
1927 97621.53 1 1927 1 1646:64
1928 97794.59 1 1928 1 1422:64
1929 97926.7 1 1929 1 1898:64
1930 97944.64 1 1930 1 1854:64
1931 98121.26 1 1931 1 1357:64
1932 98204.2 1 1932 1 1998:64
1933 98249.53 1 1933 1 1346:64
1934 98269.65 1 1934 1 1699:64
1935 98293.84 1 1935 1 90:64
1936 98306.56 1 1936 1 2002:64
1937 98386.23 1 1937 1 1371:64
1938 98505.34 1 1938 1 1307:64
1939 98523.06 1 1939 1 1637:64
1940 98615.4 1 1940 1 1980:64
1941 98648.23 1 1941 1 1761:64
1942 98684.02 1 1942 1 939:64
1943 98695.21 1 1943 1 145:64
1944 98734.38 1 1944 1 590:64
1945 98741.65 1 1945 1 1356:64
1946 98849.57 1 1946 1 252:64
1947 98876.14 1 1947 1 1045:64
1948 98881.66 1 1948 1 880:64
1949 98977.78 1 1949 1 173:64
1950 99039.97 1 1950 1 614:64
1951 99126.77 1 1951 1 0:64
1952 99330.58 1 1952 1 1939:64
1953 99359.23 1 1953 1 616:64
1954 99365.42 1 1954 1 1991:64
1955 99496.51 1 1955 1 919:64
1956 99547.78 1 1956 1 714:64
1957 99563.9 1 1957 1 406:64
1958 99571.23 1 1958 1 1805:64
1959 99645.98 1 1959 1 551:64
1960 99753.18 1 1960 1 933:64
1961 99765.83 1 1961 1 59:64
1962 99767.79 1 1962 1 236:64
1963 99815.12 1 1963 1 175:64
1964 99890.33 1 1964 1 1312:64
1965 100102.94 1 1965 1 23:64
1966 100132.62 1 1966 1 604:64
1967 100137.86 1 1967 1 1404:64
1968 100145.53 1 1968 1 723:64
1969 100185.07 1 1969 1 755:64
1970 100197.1 1 1970 1 627:64
1971 100198.84 1 1971 1 17:64
1972 100219.3 1 1972 1 1011:64
1973 100399.27 1 1973 1 212:64
1974 100585.93 1 1974 1 1710:64
1975 100591.62 1 1975 1 299:64
1976 100606.09 1 1976 1 589:64
1977 100770.9 1 1977 1 1072:64
1978 100943.21 1 1978 1 836:64
1979 100972.08 1 1979 1 697:64
1980 100994.74 1 1980 1 878:64
1981 101002.01 1 1981 1 287:64
1982 101015.12 1 1982 1 398:64
1983 101051.89 1 1983 1 258:64
1984 101160.78 1 1984 1 531:64
1985 101226.1 1 1985 1 1803:64
1986 101321.38 1 1986 1 38:64
1987 101322.05 1 1987 1 812:64
1988 101384.84 1 1988 1 1841:64
1989 101428.26 1 1989 1 233:64
1990 101467.92 1 1990 1 225:64
1991 101481.38 1 1991 1 1251:64
1992 101521.32 1 1992 1 1194:64
1993 101552.47 1 1993 1 1469:64
1994 101602.21 1 1994 1 1090:64
1995 101643.66 1 1995 1 1811:64
1996 101713.48 1 1996 1 1054:64
1997 101727.79 1 1997 1 1979:64
1998 101730.27 1 1998 1 1623:64
1999 101745.85 1 1999 1 1867:64
2000 101772.08 1 2000 1 707:64
2001 101816.25 1 2001 1 1427:64
2002 101820.13 1 2002 1 1929:64
2003 101821.59 1 2003 1 1753:64
2004 101856.73 1 2004 1 428:64
2005 101871.43 1 2005 1 879:64
2006 101876.29 1 2006 1 1901:64
2007 101942.69 1 2007 1 1728:64
2008 102136.45 1 2008 1 795:64
2009 102167.08 1 2009 1 669:64
2010 102335.74 1 2010 1 1348:64
2011 102446.84 1 2011 1 1186:64
2012 102458.47 1 2012 1 1492:64
2013 102460.93 1 2013 1 540:64
2014 102484.17 1 2014 1 1747:64
2015 102541.1 1 2015 1 941:64
2016 102569.89 1 2016 1 1942:64
2017 102636.15 1 2017 1 1801:64
2018 102678.27 1 2018 1 1327:64
2019 102787.13 1 2019 1 1790:64
2020 102820.9 1 2020 1 1243:64
2021 102899.24 1 2021 1 338:64
2022 102940.91 1 2022 1 733:64
2023 103050.64 1 2023 1 1907:64
2024 103130.44 1 2024 1 806:64
2025 103178.71 1 2025 1 921:64
2026 103236.5 1 2026 1 969:64
2027 103347.6 1 2027 1 927:64
2028 103358.9 1 2028 1 1115:64
2029 103374.35 1 2029 1 1678:64
2030 103473.74 1 2030 1 2014:64
2031 103557.11 1 2031 1 1695:64
2032 103631.97 1 2032 1 246:64
2033 103717.91 1 2033 1 407:64
2034 103771.67 1 2034 1 1369:64
2035 103841.25 1 2035 1 366:64
2036 103850.47 1 2036 1 976:64
2037 103858.19 1 2037 1 249:64
2038 103928.72 1 2038 1 1025:64
2039 103932.29 1 2039 1 112:64
2040 103958.24 1 2040 1 1913:64
2041 104020.28 1 2041 1 1341:64
2042 104050.53 1 2042 1 2012:64
2043 104082.5 1 2043 1 923:64
2044 104132.48 1 2044 1 1017:64
2045 104220.69 1 2045 1 1591:64
2046 104220.89 1 2046 1 1662:64
2047 104228.75 1 2047 1 1151:64
