18 216
0 0 1 0 1 75:32
1 4.02 1 1 1 22:32
2 8.2 1 2 1 87:32
3 9.72 1 3 1 119:32
4 14.46 1 4 1 213:32
5 24.62 1 5 1 26:32
6 64.01 1 6 1 93:32
7 82.78 1 7 1 144:32
8 83.98 1 8 1 171:32
9 152.59 1 9 1 34:32
10 162.67 1 10 1 170:32
11 226.6 1 11 1 178:32
12 248.51 1 12 1 167:32
13 280.85 1 13 1 32:32
14 287.78 1 14 1 31:32
15 336.27 1 15 1 193:32
16 358.66 1 16 1 150:32
17 367.23 1 17 1 25:32
18 452.07 1 18 1 104:32
19 514.44 1 19 1 44:32
20 542.69 1 20 1 92:32
21 561.55 1 21 1 160:32
22 644.01 1 22 1 201:32
23 645.54 1 23 1 71:32
24 687.96 1 24 1 211:32
25 705.08 1 25 1 72:32
26 748.57 1 26 1 99:32
27 793.61 1 27 1 168:32
28 807.31 1 28 1 67:32
29 814.19 1 29 1 158:32
30 857.76 1 30 1 27:32
31 869.59 1 31 1 197:32
32 879.05 1 32 1 35:32
33 888.22 1 33 1 103:32
34 890.4 1 34 1 0:32
35 901.13 1 35 1 214:32
36 954.43 1 36 1 149:32
37 971.86 1 37 1 3:32
38 1032.04 1 38 1 56:32
39 1079.29 1 39 1 203:32
40 1152.06 1 40 1 57:32
41 1167.19 1 41 1 116:32
42 1219.47 1 42 1 17:32
43 1234.65 1 43 1 173:32
44 1276.46 1 44 1 207:32
45 1311.02 1 45 1 140:32
46 1313.86 1 46 1 105:32
47 1394.31 1 47 1 95:32
48 1402.61 1 48 1 23:32
49 1413.75 1 49 1 154:32
50 1423.36 1 50 1 84:32
51 1429.26 1 51 1 120:32
52 1438.85 1 52 1 42:32
53 1439.31 1 53 1 76:32
54 1450.51 1 54 1 188:32
55 1472.33 1 55 1 183:32
56 1571.2 1 56 1 132:32
57 1635.22 1 57 1 83:32
58 1643.35 1 58 1 117:32
59 1707.41 1 59 1 49:32
60 1747.07 1 60 1 60:32
61 1753.4 1 61 1 5:32
62 1801.58 1 62 1 46:32
63 1867.66 1 63 1 41:32
64 1876.18 1 64 1 108:32
65 1962.6 1 65 1 195:32
66 2016.08 1 66 1 10:32
67 2028.24 1 67 1 77:32
68 2030.9 1 68 1 102:32
69 2163.4 1 69 1 65:32
70 2169.87 1 70 1 58:32
71 2185.66 1 71 1 20:32
72 2252.77 1 72 1 69:32
73 2282.65 1 73 1 62:32
74 2301.0 1 74 1 30:32
75 2423.28 1 75 1 28:32
76 2433.86 1 76 1 185:32
77 2537.98 1 77 1 202:32
78 2541.53 1 78 1 143:32
79 2558.92 1 79 1 94:32
80 2567.09 1 80 1 64:32
81 2629.87 1 81 1 63:32
82 2641.99 1 82 1 82:32
83 2664.47 1 83 1 43:32
84 2719.03 1 84 1 15:32
85 2752.21 1 85 1 12:32
86 2785.43 1 86 1 50:32
87 2825.64 1 87 1 153:32
88 2845.01 1 88 1 190:32
89 2854.61 1 89 1 112:32
90 2927.43 1 90 1 130:32
91 2987.68 1 91 1 91:32
92 3027.95 1 92 1 9:32
93 3036.07 1 93 1 79:32
94 3092.95 1 94 1 39:32
95 3102.03 1 95 1 209:32
96 3107.29 1 96 1 187:32
97 3116.1 1 97 1 113:32
98 3120.82 1 98 1 166:32
99 3151.08 1 99 1 133:32
100 3184.43 1 100 1 194:32
101 3200.43 1 101 1 186:32
102 3220.46 1 102 1 165:32
103 3229.02 1 103 1 37:32
104 3258.83 1 104 1 210:32
105 3297.51 1 105 1 212:32
106 3300.11 1 106 1 177:32
107 3333.58 1 107 1 200:32
108 3339.24 1 108 1 74:32
109 3340.08 1 109 1 4:32
110 3410.05 1 110 1 106:32
111 3448.99 1 111 1 109:32
112 3521.26 1 112 1 199:32
113 3528.33 1 113 1 141:32
114 3584.95 1 114 1 115:32
115 3604.73 1 115 1 181:32
116 3641.2 1 116 1 78:32
117 3700.06 1 117 1 196:32
118 3707.3 1 118 1 204:32
119 3754.07 1 119 1 107:32
120 3779.32 1 120 1 176:32
121 3835.03 1 121 1 121:32
122 3852.93 1 122 1 198:32
123 3858.85 1 123 1 70:32
124 3949.49 1 124 1 127:32
125 3980.82 1 125 1 180:32
126 4011.8 1 126 1 85:32
127 4058.84 1 127 1 24:32
128 4060.56 1 128 1 131:32
129 4075.56 1 129 1 38:32
130 4132.77 1 130 1 18:32
131 4152.47 1 131 1 129:32
132 4153.38 1 132 1 134:32
133 4159.28 1 133 1 128:32
134 4159.73 1 134 1 148:32
135 4172.23 1 135 1 54:32
136 4242.46 1 136 1 161:32
137 4263.41 1 137 1 66:32
138 4290.79 1 138 1 29:32
139 4311.69 1 139 1 33:32
140 4324.82 1 140 1 215:32
141 4406.28 1 141 1 174:32
142 4476.33 1 142 1 205:32
143 4487.87 1 143 1 145:32
144 4502.74 1 144 1 73:32
145 4558.86 1 145 1 21:32
146 4567.4 1 146 1 7:32
147 4612.43 1 147 1 124:32
148 4664.33 1 148 1 13:32
149 4704.4 1 149 1 6:32
150 4714.9 1 150 1 1:32
151 4725.59 1 151 1 125:32
152 4737.62 1 152 1 114:32
153 4756.92 1 153 1 88:32
154 4767.32 1 154 1 111:32
155 4793.24 1 155 1 162:32
156 4844.25 1 156 1 208:32
157 4853.63 1 157 1 45:32
158 4934.33 1 158 1 156:32
159 4956.08 1 159 1 122:32
160 4973.84 1 160 1 184:32
161 5025.57 1 161 1 142:32
162 5041.44 1 162 1 40:32
163 5095.1 1 163 1 163:32
164 5116.3 1 164 1 97:32
165 5117.15 1 165 1 155:32
166 5135.63 1 166 1 191:32
167 5140.4 1 167 1 139:32
168 5149.64 1 168 1 151:32
169 5168.24 1 169 1 182:32
170 5176.94 1 170 1 136:32
171 5220.77 1 171 1 169:32
172 5237.31 1 172 1 80:32
173 5271.75 1 173 1 138:32
174 5298.29 1 174 1 19:32
175 5311.8 1 175 1 110:32
176 5343.58 1 176 1 2:32
177 5348.87 1 177 1 59:32
178 5370.71 1 178 1 89:32
179 5374.23 1 179 1 81:32
180 5395.3 1 180 1 101:32
181 5397.65 1 181 1 16:32
182 5408.69 1 182 1 90:32
183 5482.57 1 183 1 36:32
184 5546.99 1 184 1 48:32
185 5583.81 1 185 1 164:32
186 5595.12 1 186 1 135:32
187 5612.52 1 187 1 14:32
188 5614.13 1 188 1 152:32
189 5642.26 1 189 1 118:32
190 5647.8 1 190 1 100:32
191 5669.98 1 191 1 68:32
192 5674.25 1 192 1 206:32
193 5677.47 1 193 1 55:32
194 5692.62 1 194 1 8:32
195 5744.42 1 195 1 96:32
196 5758.84 1 196 1 52:32
197 5769.52 1 197 1 175:32
198 5775.06 1 198 1 126:32
199 5792.41 1 199 1 123:32
200 5805.09 1 200 1 146:32
201 5891.96 1 201 1 192:32
202 5904.94 1 202 1 47:32
203 5987.32 1 203 1 61:32
204 6003.47 1 204 1 98:32
205 6013.86 1 205 1 53:32
206 6047.1 1 206 1 189:32
207 6047.56 1 207 1 11:32
208 6100.36 1 208 1 172:32
209 6105.17 1 209 1 157:32
210 6197.86 1 210 1 147:32
211 6198.49 1 211 1 137:32
212 6247.03 1 212 1 86:32
213 6276.49 1 213 1 179:32
214 6409.38 1 214 1 159:32
215 6444.59 1 215 1 51:32
