18 216
0 0 1 0 1 129:32
1 125.79 1 1 1 44:32
2 155.79 1 2 1 136:32
3 533.05 1 3 1 75:32
4 755.93 1 4 1 155:32
5 1022.53 1 5 1 45:32
6 1113.43 1 6 1 159:32
7 1271.82 1 7 1 150:32
8 1326.98 1 8 1 25:32
9 1400.84 1 9 1 200:32
10 1588.07 1 10 1 135:32
11 1947.03 1 11 1 18:32
12 2256.34 1 12 1 92:32
13 2317.18 1 13 1 67:32
14 2405.04 1 14 1 122:32
15 2470.6 1 15 1 100:32
16 2751.02 1 16 1 211:32
17 3095.33 1 17 1 157:32
18 3129.72 1 18 1 102:32
19 3187.78 1 19 1 128:32
20 3211.17 1 20 1 28:32
21 3247.8 1 21 1 134:32
22 3281.18 1 22 1 52:32
23 3325.91 1 23 1 133:32
24 3331.09 1 24 1 72:32
25 3614.56 1 25 1 47:32
26 3864.22 1 26 1 199:32
27 3909.06 1 27 1 48:32
28 4157.84 1 28 1 132:32
29 4302.71 1 29 1 13:32
30 4323.51 1 30 1 56:32
31 4413.26 1 31 1 193:32
32 4552.73 1 32 1 215:32
33 4620.28 1 33 1 113:32
34 4622.83 1 34 1 82:32
35 4753.39 1 35 1 110:32
36 4850.25 1 36 1 83:32
37 4861.72 1 37 1 147:32
38 5113.47 1 38 1 207:32
39 5148.01 1 39 1 33:32
40 5224.24 1 40 1 34:32
41 5227.68 1 41 1 69:32
42 5836.12 1 42 1 190:32
43 6131.34 1 43 1 143:32
44 6193.49 1 44 1 204:32
45 6219.27 1 45 1 95:32
46 6268.47 1 46 1 64:32
47 6279.41 1 47 1 12:32
48 6294.03 1 48 1 214:32
49 6413.51 1 49 1 79:32
50 6510.7 1 50 1 202:32
51 6548.58 1 51 1 94:32
52 6623.7 1 52 1 169:32
53 6763.86 1 53 1 154:32
54 6912.35 1 54 1 49:32
55 6990.41 1 55 1 160:32
56 7057.26 1 56 1 19:32
57 7367.35 1 57 1 167:32
58 7381.0 1 58 1 119:32
59 7470.59 1 59 1 144:32
60 7805.57 1 60 1 188:32
61 7851.31 1 61 1 162:32
62 7856.12 1 62 1 58:32
63 7868.79 1 63 1 111:32
64 7936.76 1 64 1 77:32
65 8111.54 1 65 1 125:32
66 8507.08 1 66 1 194:32
67 8529.52 1 67 1 130:32
68 8680.0 1 68 1 109:32
69 9385.26 1 69 1 84:32
70 9447.82 1 70 1 201:32
71 9674.82 1 71 1 37:32
72 9691.17 1 72 1 2:32
73 9746.28 1 73 1 88:32
74 10247.53 1 74 1 23:32
75 10323.67 1 75 1 212:32
76 10345.82 1 76 1 103:32
77 10349.18 1 77 1 181:32
78 10375.84 1 78 1 156:32
79 10419.59 1 79 1 0:32
80 10472.61 1 80 1 166:32
81 11045.02 1 81 1 121:32
82 11267.31 1 82 1 53:32
83 11389.55 1 83 1 99:32
84 11417.33 1 84 1 209:32
85 11806.52 1 85 1 195:32
86 12395.49 1 86 1 55:32
87 12471.97 1 87 1 39:32
88 12633.44 1 88 1 54:32
89 12654.75 1 89 1 140:32
90 12745.02 1 90 1 152:32
91 12810.98 1 91 1 71:32
92 12974.7 1 92 1 21:32
93 12985.8 1 93 1 1:32
94 13209.56 1 94 1 6:32
95 13319.02 1 95 1 14:32
96 13320.56 1 96 1 185:32
97 13362.74 1 97 1 51:32
98 13500.36 1 98 1 175:32
99 13621.28 1 99 1 86:32
100 13768.88 1 100 1 65:32
101 13770.63 1 101 1 8:32
102 14001.46 1 102 1 97:32
103 14107.81 1 103 1 41:32
104 14135.12 1 104 1 31:32
105 14137.57 1 105 1 60:32
106 14240.83 1 106 1 73:32
107 14450.89 1 107 1 206:32
108 14547.21 1 108 1 151:32
109 14563.37 1 109 1 123:32
110 14623.92 1 110 1 170:32
111 14631.45 1 111 1 40:32
112 14793.21 1 112 1 101:32
113 15304.95 1 113 1 61:32
114 15440.16 1 114 1 80:32
115 15448.96 1 115 1 197:32
116 15474.09 1 116 1 63:32
117 15666.29 1 117 1 43:32
118 16006.65 1 118 1 57:32
119 16011.29 1 119 1 93:32
120 16514.53 1 120 1 16:32
121 16595.35 1 121 1 131:32
122 16598.78 1 122 1 10:32
123 16732.4 1 123 1 120:32
124 16817.64 1 124 1 76:32
125 17002.34 1 125 1 163:32
126 17327.03 1 126 1 32:32
127 17346.8 1 127 1 145:32
128 17408.37 1 128 1 96:32
129 17719.23 1 129 1 208:32
130 17741.84 1 130 1 9:32
131 17836.46 1 131 1 70:32
132 17913.73 1 132 1 192:32
133 18117.95 1 133 1 89:32
134 18153.49 1 134 1 114:32
135 18206.17 1 135 1 158:32
136 18432.06 1 136 1 36:32
137 18766.1 1 137 1 27:32
138 18927.19 1 138 1 42:32
139 18961.1 1 139 1 213:32
140 19204.43 1 140 1 137:32
141 19227.11 1 141 1 172:32
142 19246.49 1 142 1 178:32
143 19405.32 1 143 1 3:32
144 19418.83 1 144 1 171:32
145 19487.73 1 145 1 196:32
146 19529.93 1 146 1 66:32
147 19778.08 1 147 1 164:32
148 19921.29 1 148 1 4:32
149 20074.17 1 149 1 98:32
150 20304.89 1 150 1 5:32
151 20346.35 1 151 1 91:32
152 20371.11 1 152 1 115:32
153 20446.3 1 153 1 189:32
154 20570.7 1 154 1 176:32
155 20639.58 1 155 1 24:32
156 20695.48 1 156 1 26:32
157 20825.63 1 157 1 107:32
158 20894.96 1 158 1 203:32
159 21418.6 1 159 1 30:32
160 21698.26 1 160 1 81:32
161 21751.58 1 161 1 17:32
162 21960.47 1 162 1 126:32
163 22016.41 1 163 1 210:32
164 22094.28 1 164 1 105:32
165 22159.66 1 165 1 104:32
166 22271.25 1 166 1 141:32
167 22275.8 1 167 1 191:32
168 22607.75 1 168 1 138:32
169 22809.71 1 169 1 108:32
170 22820.18 1 170 1 161:32
171 22862.23 1 171 1 20:32
172 22943.37 1 172 1 112:32
173 22954.0 1 173 1 68:32
174 23331.13 1 174 1 78:32
175 23347.11 1 175 1 165:32
176 23456.18 1 176 1 11:32
177 23692.55 1 177 1 62:32
178 23720.52 1 178 1 46:32
179 23862.05 1 179 1 50:32
180 23864.63 1 180 1 177:32
181 24096.58 1 181 1 22:32
182 24130.63 1 182 1 85:32
183 24266.96 1 183 1 124:32
184 24307.02 1 184 1 29:32
185 24700.53 1 185 1 149:32
186 24756.42 1 186 1 179:32
187 24973.66 1 187 1 182:32
188 25167.91 1 188 1 187:32
189 25187.22 1 189 1 146:32
190 25222.9 1 190 1 87:32
191 25376.14 1 191 1 118:32
192 25514.42 1 192 1 15:32
193 25541.88 1 193 1 7:32
194 25581.79 1 194 1 186:32
195 25592.68 1 195 1 180:32
196 25764.93 1 196 1 117:32
197 25801.5 1 197 1 184:32
198 25912.87 1 198 1 168:32
199 25980.08 1 199 1 173:32
200 26033.42 1 200 1 142:32
201 26384.25 1 201 1 148:32
202 26448.27 1 202 1 205:32
203 26594.97 1 203 1 127:32
204 26783.71 1 204 1 90:32
205 27013.27 1 205 1 116:32
206 27406.87 1 206 1 139:32
207 27421.85 1 207 1 174:32
208 27470.7 1 208 1 74:32
209 27780.57 1 209 1 183:32
210 27858.93 1 210 1 35:32
211 27957.82 1 211 1 198:32
212 28196.87 1 212 1 38:32
213 28234.09 1 213 1 59:32
214 28359.68 1 214 1 106:32
215 28504.62 1 215 1 153:32
